%%MatrixMarket matrix coordinate real general
%
100 100 10000
1 1 1.053010574524364E2
1 2 5.015289133850415
1 3 8.375635255707586
1 4 1.1189180630512423E1
1 5 4.159020984014802
1 6 4.168803497239459
1 7 9.445149657167114
1 8 1.0923600299161078
1 9 2.514275623967459E-1
1 10 7.113632409949433
1 11 2.6233378803797303
1 12 -2.545137460082181E-1
1 13 -3.236866409409222
1 14 1.5642322240320226E1
1 15 1.021571413181607E1
1 16 1.8652011916653117
1 17 -5.436241402379122
1 18 8.485035545671012
1 19 3.097787633554131
1 20 2.9745197897487127E1
1 21 -5.830388456954649E-2
1 22 2.469688237909622E1
1 23 -1.5467409946027391E1
1 24 1.1810396697345183E1
1 25 1.2699645716071588E1
1 26 1.9399366459417013E1
1 27 1.5092201836383174E1
1 28 -8.957441157927612
1 29 1.3955089579281938
1 30 4.405055689817045
1 31 3.224550186047125
1 32 -1.4714255927374541E1
1 33 -8.81788170135461
1 34 -1.1953302377692967E1
1 35 -1.2552780998871138
1 36 6.403568940778927
1 37 -4.9877311842503405
1 38 8.904593837142123
1 39 -1.8957332952544732
1 40 1.5932952239001088E1
1 41 7.845171059480503
1 42 -3.88018091489262E-1
1 43 8.816817142231466
1 44 5.886841654559757
1 45 8.094996796150038
1 46 -7.906985865116596
1 47 3.8298708254806617
1 48 -7.395169422021633
1 49 1.0466924337921553E1
1 50 5.030958434952491
1 51 -1.5146564993149407
1 52 1.6390196610581798E-1
1 53 1.1082408500174032
1 54 1.7825594563434283E1
1 55 -3.040477559872481
1 56 1.7014512233544302E1
1 57 -3.145815242643626
1 58 -2.9269895965648658E1
1 59 1.692255231426745E1
1 60 3.5310177601885244
1 61 -5.9133133213079E-2
1 62 -9.106595897914402E-1
1 63 -5.440095346213578E-1
1 64 -3.6219973642639283
1 65 5.205084279123395
1 66 -1.3507529944505597E1
1 67 9.896435900358144
1 68 1.2535948163720647E1
1 69 -3.6920184797400704
1 70 8.07762392249286
1 71 2.1890289001367993
1 72 -1.4226661909110206E1
1 73 4.15676445512845
1 74 6.019720293919137
1 75 5.037335558027581
1 76 -1.581308182232284E1
1 77 4.977473015121079
1 78 7.577940353714481
1 79 1.292455273278473E1
1 80 -2.911051300740783
1 81 -1.2830640712610688E1
1 82 -5.739891551453466
1 83 -1.8203466780809532
1 84 -7.103525398838133
1 85 -4.002518008810391
1 86 -1.67255547207669
1 87 -8.935758757846571
1 88 9.365706153043751
1 89 1.013902478970676E1
1 90 6.362065504796504
1 91 2.6481781762488314E1
1 92 -6.488870446227711
1 93 -6.658371951726719
1 94 3.4447237218829874
1 95 -1.1215715191475276E1
1 96 -1.2356581137419262E1
1 97 1.442842796870944E1
1 98 -7.657168859540823
1 99 -8.991828134755362
1 100 -4.70988888334286
2 1 5.015289133850415
2 2 9.20820024413773E1
2 3 -3.9884219848613855
2 4 7.484418947918668E-1
2 5 -7.16857364652458
2 6 1.4607025550453995E1
2 7 8.710295245697207
2 8 -5.576498649378121
2 9 5.615337416035775
2 10 8.919803537620245
2 11 -1.847171809068095
2 12 -8.510664921317977E-1
2 13 -3.9898432478101364
2 14 -2.3671790538699136
2 15 -2.2435917998431205
2 16 -1.3190224244957928E1
2 17 -3.613389653209679E-1
2 18 -9.4767881159538
2 19 -9.982352347368732
2 20 7.72846597139362
2 21 1.1129259068608851E1
2 22 2.597541277773456
2 23 2.867350975076541
2 24 1.2409844209783829E1
2 25 4.764592488991149E-2
2 26 1.3237735031989553E1
2 27 1.0563125723296595E1
2 28 1.2615602145999705
2 29 -5.7060732235188905
2 30 9.72666237595113
2 31 8.242749455008097
2 32 -4.246176188109681
2 33 5.812131032377201
2 34 1.58561416732162
2 35 2.745114682637531
2 36 -6.2461077867404375
2 37 3.9749686654926193
2 38 2.7622840414676
2 39 -1.592908539800581
2 40 -1.0253541190299352E1
2 41 -1.724354378952274
2 42 -3.4672454607282486
2 43 4.567221319424931
2 44 -1.4304821288181104E1
2 45 1.0032032899978553E1
2 46 -2.0685213599210335
2 47 3.866504580258716
2 48 1.9985952860011636E1
2 49 -1.0917958612661545E1
2 50 -1.2679950810724158E1
2 51 1.0441762872464547E1
2 52 -1.1460637905750475
2 53 -1.2060611612457103E1
2 54 -3.893202118945262
2 55 3.060217397441063E-1
2 56 2.9343553764909993
2 57 5.559014017341027
2 58 -5.187534949207634E-1
2 59 7.872850529253807
2 60 7.9067406310102255
2 61 -3.893729764636718E-1
2 62 2.8502617137928885
2 63 -1.216341068314071
2 64 3.889902252936825E-1
2 65 1.0359161460558157E1
2 66 3.339303744473626
2 67 -4.502334707172429
2 68 -6.16770289960321E-1
2 69 6.915181195222295
2 70 8.319337711341749
2 71 1.4448367805746832E1
2 72 8.908346524580086
2 73 -7.333205766382278
2 74 -2.337611206756387
2 75 2.154347746107431
2 76 6.37745647176513
2 77 6.454988748361325
2 78 1.276724797902464E1
2 79 -4.266647716373111
2 80 9.06210812360941
2 81 1.2572233226556206
2 82 -3.0318287093827947
2 83 -7.3193842986872015
2 84 1.1312969258142306E1
2 85 -7.662881972929699E-1
2 86 -5.890464661214708
2 87 -4.8819275181240815
2 88 5.550465908174459
2 89 -8.944456511268315
2 90 -2.189194671408184
2 91 -1.113904428635853E1
2 92 -9.84739665065467
2 93 7.520053575616539
2 94 2.505811911192589E-1
2 95 6.591077253688275
2 96 6.808099381350632E-2
2 97 -5.320938659172682
2 98 -5.263956274464767
2 99 2.0337035511482893
2 100 -1.7407021869752327E1
3 1 8.375635255707586
3 2 -3.9884219848613855
3 3 1.216128298562995E2
3 4 -1.8350552081137007E1
3 5 -9.328306344111285
3 6 4.5780442120690035
3 7 5.619786429321191
3 8 3.320600509765511
3 9 -1.178617354061093E1
3 10 2.233249284223845E1
3 11 7.613907684583644
3 12 8.294385580715439
3 13 6.774750533238354E-1
3 14 5.461561261911377
3 15 -1.087276741643765E1
3 16 7.821471411675471
3 17 1.1604770477488064E1
3 18 1.2984019436235037E1
3 19 9.600166824969653
3 20 1.8804157644510084E1
3 21 -1.9913517561692586E1
3 22 9.081437854880482
3 23 3.1233433166127643E1
3 24 1.7004087164534198E1
3 25 8.119349849017865
3 26 9.026284589158843
3 27 7.158407615698105
3 28 2.2151843721362148E1
3 29 -8.867556014757652
3 30 2.9071389018486355
3 31 -4.1512365795519
3 32 -7.220481178453897
3 33 -9.274046138295274
3 34 -3.834333658348141
3 35 -4.156964035113193
3 36 -1.8394395206651875
3 37 -6.825781021596754
3 38 9.596223853921146
3 39 3.8869752109565436E-1
3 40 1.861954391563705
3 41 -5.2217592445455585
3 42 -5.941853139782959
3 43 -1.0277806636694053
3 44 -1.3814173252364617
3 45 8.280863487736655
3 46 1.0090039216011668E1
3 47 1.4383541689872471E1
3 48 -1.9958856816504063
3 49 3.5135703664390454
3 50 -1.3816368531598084
3 51 9.022886722021369
3 52 1.6549451628758412E1
3 53 -2.8138618084951275E1
3 54 2.089983858447336E1
3 55 5.0800536873357816
3 56 -5.473066356306017
3 57 -2.827584453531292
3 58 -9.456334228799104
3 59 2.702288007232831
3 60 -1.67795031995199E1
3 61 2.358675983253132
3 62 -4.1066932586925675E-1
3 63 1.542017874755015E1
3 64 2.4548721363926407
3 65 6.523184276196568
3 66 -8.52794556251997
3 67 1.8056695370105672E1
3 68 -9.340055298475104
3 69 2.119889241318385
3 70 2.6990628809363857
3 71 -9.622005274547712
3 72 2.8746939545989936E-1
3 73 8.753672511115694
3 74 -4.9931134979288805
3 75 -8.497444837292344
3 76 -6.337735998613667
3 77 -6.48904060406638
3 78 -1.2186669124196326E1
3 79 -7.109253609799458
3 80 -1.0121286138395518
3 81 -1.8811385214946917E1
3 82 1.8096784071658377E1
3 83 1.6648100376246994E1
3 84 6.218822888043197
3 85 -4.266768343793019
3 86 4.0690562147264847E-1
3 87 -1.2603036692887047E1
3 88 7.490474936604501
3 89 3.5911162391929454
3 90 5.193392477475803
3 91 -9.205331083056034
3 92 6.1023453612941285
3 93 -2.290573585516259
3 94 7.841617536801532E-1
3 95 -3.7746000387159
3 96 -1.8649216213320106
3 97 1.1511772695613411E1
3 98 -3.7389632282051126
3 99 -1.4297655101313854E1
3 100 2.1341356695929743E1
4 1 1.1189180630512423E1
4 2 7.484418947918668E-1
4 3 -1.8350552081137007E1
4 4 9.213950455570857E1
4 5 -2.462153088053582
4 6 -1.2231489413595721E1
4 7 6.537850302817135
4 8 9.388310345851036E-1
4 9 -4.592613670411577
4 10 1.7833113014833888
4 11 1.8337934477868973E1
4 12 1.9693910847923448E1
4 13 1.04466075691905E1
4 14 5.241822138724335
4 15 9.921738786653977E-1
4 16 -3.667500391393651
4 17 7.712786662048491E-1
4 18 4.891372261189464
4 19 2.6201338529696354
4 20 4.986231104065176
4 21 7.249058811806927
4 22 -7.687766198006021
4 23 -8.9519598067739
4 24 3.206917479660142
4 25 -3.1870648933600676
4 26 -5.771751808443145
4 27 -1.4173451536606775E1
4 28 -3.213007578767754
4 29 -9.275983488498191
4 30 -2.4746892984556617
4 31 -1.084302035577535
4 32 -1.1614742943661598E1
4 33 5.370523170271205
4 34 1.0418804597843517E1
4 35 3.7261147787586064
4 36 3.250792947968681
4 37 9.495711603486994
4 38 -4.654017785037769
4 39 9.474762262117496
4 40 -1.2320726713893626E1
4 41 -6.926677648037606
4 42 -5.880480180879932
4 43 -3.845531546849018
4 44 5.089452284183821
4 45 -8.567025653799577
4 46 -7.437888900162076E-2
4 47 9.747392397198858
4 48 1.4841028991575847E-1
4 49 -2.069968345612631E1
4 50 -1.5588009309584582E1
4 51 4.9104277699078605
4 52 1.0351854730133821E1
4 53 9.576319266821015
4 54 -1.7034533013153922E1
4 55 1.4072084273549905
4 56 -6.051441396407083
4 57 1.6923031194384222E1
4 58 1.4200173643441762E1
4 59 8.389306068381428
4 60 1.1810164323718741E1
4 61 -9.678761971191738
4 62 1.732764382178491E1
4 63 -8.959686754200844
4 64 1.4428292131482522E1
4 65 -1.222245707700288E1
4 66 6.979638677836615
4 67 9.439797572391438
4 68 -4.129776955406627
4 69 -2.53031028539108
4 70 5.072492249373041
4 71 -7.543982780982085
4 72 -2.620752850267989
4 73 -2.335797749807597
4 74 2.4178180808933387
4 75 -3.894979103476226
4 76 9.418603399279792E-1
4 77 -1.6457553337853945E1
4 78 3.1249374160126578E1
4 79 5.0091612046211145
4 80 9.124760486640701E-1
4 81 2.322603541784312E-2
4 82 4.082683354523838
4 83 2.611381045533584
4 84 -6.395613245680342E-1
4 85 1.7603223671216173
4 86 -7.344855312235438
4 87 -5.883070790048487
4 88 -3.4512461252109907
4 89 4.014347968607057
4 90 -7.264493989579694
4 91 -1.0786120892392741E1
4 92 6.151418195057574
4 93 -4.6011236823228455E-2
4 94 -1.202672353187257E1
4 95 -3.878511561932227
4 96 1.3413446873583372
4 97 1.4944001831018504E1
4 98 4.952656798756612
4 99 2.074287029670097E1
4 100 -1.6100050563525514E1
5 1 4.159020984014802
5 2 -7.16857364652458
5 3 -9.328306344111285
5 4 -2.462153088053582
5 5 1.0813517234291821E2
5 6 -9.786811996737244
5 7 -1.767924648987418E1
5 8 -1.9125628904670247E1
5 9 -7.324316749850374
5 10 9.933117434820458
5 11 -3.7965314103287375
5 12 -2.3948997335666076
5 13 -7.183518087553482
5 14 8.914313337118536
5 15 6.298697355555502
5 16 -2.4528474866677215
5 17 -4.799558589846765
5 18 -4.227729947413094
5 19 2.4078630019962164
5 20 8.997447412563279
5 21 3.6999054338668014
5 22 1.6354009496658527E1
5 23 -1.2517654485324995E1
5 24 -6.798301769145809E-1
5 25 -1.1443589723903951E1
5 26 -1.3700494495657615E1
5 27 -3.3212126916708127
5 28 -2.2253780586026237
5 29 -3.9669371242238216
5 30 5.17108074884694
5 31 -2.4242023461907256
5 32 -1.063038103785057E1
5 33 -5.4492672013267285
5 34 -7.650096846802897
5 35 1.1048636109808565
5 36 9.595460090062868
5 37 -3.0522925957761804
5 38 -1.4711145384946215E1
5 39 1.2213466631774402E1
5 40 4.83750983865571
5 41 -3.936436120698478
5 42 -5.627417324441878
5 43 1.1154492617415025E1
5 44 3.0988860201632074
5 45 -5.694094425992338
5 46 -1.4013200319739976
5 47 8.01161269230953
5 48 -3.0968513266832337E-1
5 49 6.624994067799613
5 50 9.828254647877243
5 51 -3.2126758726344513
5 52 -8.452211151053097
5 53 -7.40813901632031
5 54 6.179145309083843
5 55 5.120957066339775E-1
5 56 2.6978738273565256E1
5 57 1.1335912146804768E1
5 58 -2.8348568206585835E1
5 59 -1.4127277803184377E1
5 60 7.426150446260661
5 61 8.751762433109226
5 62 -5.505975264403811
5 63 -7.197782952673389
5 64 2.333581651590841
5 65 -5.461653405997558
5 66 7.1852933467694
5 67 -4.761990519200266
5 68 -9.949041049772438E-1
5 69 -2.200536670839252E1
5 70 -3.5332387197961737
5 71 -1.229218247054341
5 72 -2.413759709683738
5 73 -4.5800585844683575
5 74 9.382802237176675
5 75 -2.628288069324789
5 76 6.723956803732288E-2
5 77 -8.43466819541165
5 78 1.755344543192825E1
5 79 3.3582095318447025
5 80 -1.203923164884919
5 81 -4.139486603966444
5 82 -7.223298707248435
5 83 6.248308830365542
5 84 5.8266143103969545
5 85 3.9056533023867637
5 86 -2.8412050088109737
5 87 1.626660019268293E1
5 88 -5.031830276634375
5 89 4.331545995445947
5 90 2.9576541898048196
5 91 1.0412914760244677E1
5 92 5.504207519041709
5 93 9.39539464465073
5 94 2.103545136743122E1
5 95 -2.1790337313369634E-1
5 96 9.29897610826905
5 97 -2.2822450374935626
5 98 -6.986513695825987
5 99 5.40073182122509
5 100 1.5442184747311838E-1
6 1 4.168803497239459
6 2 1.4607025550453995E1
6 3 4.5780442120690035
6 4 -1.2231489413595721E1
6 5 -9.786811996737244
6 6 9.714875694170728E1
6 7 -4.315961153127477
6 8 1.6017920397411586E1
6 9 1.6294853732341924E1
6 10 1.4348429737199124E1
6 11 -1.0274588659532874E1
6 12 -1.116554717525302E1
6 13 -2.2139589082302702E1
6 14 5.913111333748141
6 15 8.742217666281627
6 16 -1.019543443369682
6 17 2.1348682266394146E1
6 18 1.4790329983701156E1
6 19 -7.870423764907086E-1
6 20 -5.596152267429333E-1
6 21 -1.2980930827494328E1
6 22 1.795319955225244E1
6 23 9.102581819200406
6 24 -9.565332789662406
6 25 6.151896108247278
6 26 1.646330245254765E1
6 27 -4.918449069960236
6 28 8.019718245732061
6 29 5.358447791139731
6 30 -4.088299135434788
6 31 1.000070905099659E1
6 32 -2.685398909200288
6 33 -8.492890670052095
6 34 2.111642539917474E1
6 35 -6.7590382763248735
6 36 -1.6975630099708187E1
6 37 3.5779815342298216E-1
6 38 -7.038946311554767
6 39 -1.0609573143107893
6 40 8.006628641547271
6 41 5.40701924028853
6 42 9.226024506715152
6 43 7.509107879987033
6 44 8.23969907947981
6 45 4.036335066665347
6 46 1.1204973545791564E1
6 47 1.95318591934475E1
6 48 5.679498019750799E-1
6 49 -1.4613254234249
6 50 -1.1588477868826807E1
6 51 7.074363396580958E-3
6 52 5.229922921554503
6 53 1.342409652333718E1
6 54 -3.753165188386324E-1
6 55 4.251726956323534
6 56 -6.317115810615738
6 57 -1.1966689870475323E1
6 58 -8.198433700489922
6 59 -1.5736243882593678E1
6 60 -3.440005203153542
6 61 -1.3567797378035552E1
6 62 -4.895058035178521
6 63 -3.1074974819391943
6 64 -1.6569444718111385E-2
6 65 4.175825643928662
6 66 2.6255490958397707
6 67 6.766641698766722
6 68 -7.152289705136224
6 69 -4.55552711531038
6 70 4.45832858518265
6 71 -1.6431653802394741
6 72 1.2966228388147638
6 73 1.9209748863935971
6 74 9.413993841448713
6 75 -2.378397462751193
6 76 1.2660588245313578
6 77 1.0621329578183566E1
6 78 -1.971050748139419
6 79 -1.5003027660241548E1
6 80 -7.227177546633979
6 81 8.031548863791498
6 82 1.0780043284487135E1
6 83 -9.688811684390505
6 84 1.5322771555931293E1
6 85 -4.262446465583148E-1
6 86 -3.5278458215549846
6 87 -2.1874680523371337
6 88 -6.359704860332699
6 89 4.3769040110163395
6 90 -1.08358225567518E1
6 91 7.238399123188213
6 92 -7.475636496067192
6 93 2.40208615070209
6 94 -4.8637247498549785
6 95 7.550370491716948
6 96 -1.63098833313099E1
6 97 4.915614240363454
6 98 -8.931066466986477
6 99 -3.093632486504154
6 100 -1.117940503670641
7 1 9.445149657167114
7 2 8.710295245697207
7 3 5.619786429321191
7 4 6.537850302817135
7 5 -1.767924648987418E1
7 6 -4.315961153127477
7 7 8.405647590846682E1
7 8 2.774752440840477E-1
7 9 3.5759828595510057
7 10 4.177860552231188
7 11 1.1913939450445831E1
7 12 -3.153763380401147
7 13 6.454879814434813
7 14 9.712991011212548
7 15 -4.60744271337209
7 16 -9.121091969702288
7 17 -9.543609605330369E-1
7 18 6.009639696992612
7 19 3.73864444243365
7 20 -2.7229978207483883
7 21 1.0196292401792077E1
7 22 -1.340790681803803
7 23 -4.028751697871814
7 24 1.1115855883077003E1
7 25 1.352002238888663E1
7 26 6.983232169752339
7 27 -2.6394962776890685
7 28 1.2877849011955709E1
7 29 2.3494000028781814
7 30 2.440243974486324E1
7 31 8.265813768367293
7 32 1.7630307254677124
7 33 8.660930489646725
7 34 2.751352386849721
7 35 -6.346186484031538
7 36 -1.1381803356489968
7 37 5.621678994414689
7 38 -4.7544521458606204E-1
7 39 -8.472472728791308
7 40 -9.939549189319235
7 41 1.8862073124497044E1
7 42 9.384934668718455E-1
7 43 4.627576538429728
7 44 5.190025115832929
7 45 4.125365813758892
7 46 -4.608362524678933
7 47 6.614311359334398
7 48 -1.021554881561506E1
7 49 -6.239482301794602
7 50 1.1101073003301272E1
7 51 7.001079452502541
7 52 -3.4031371835281834
7 53 -1.3679593323692481E1
7 54 5.002515859286269
7 55 -7.259159840216283
7 56 -1.2600418478928153
7 57 -1.1094538146515043
7 58 -5.079765586480718
7 59 1.2041103270800365E1
7 60 4.485220091173538
7 61 3.8510308282153667
7 62 1.069377139387792E1
7 63 2.4029222028173844E-1
7 64 1.0483178384339482E1
7 65 2.7438682973711455
7 66 -1.078049477566605E1
7 67 2.200029066390784
7 68 7.796124700913042
7 69 5.080489394224763
7 70 4.153378192344256
7 71 3.9405765284637324
7 72 -1.13397219605291E1
7 73 -9.22982256762024
7 74 -2.024487514052324
7 75 -4.568458616811739
7 76 1.6149508099485242E1
7 77 -4.115239779528512
7 78 -1.6532891175558326E1
7 79 1.5185675284864208E1
7 80 3.3521949540555864
7 81 1.1483462018757624
7 82 2.939798065736241
7 83 1.4450900408221024E-1
7 84 5.488281499259097
7 85 7.5693938642088625
7 86 -6.33190622447188
7 87 -9.786998515319587
7 88 1.3964535502504734E1
7 89 2.0997375265044207
7 90 8.046787492699874
7 91 -2.429690101620471E1
7 92 -6.166725993396301
7 93 -4.4526011833359584
7 94 -1.3360659405248807E1
7 95 -6.512360447068947
7 96 -3.3600943652062583
7 97 -3.1977634759806604
7 98 8.238036914117288
7 99 -5.944237223714366
7 100 -1.2008908338673534E1
8 1 1.0923600299161078
8 2 -5.576498649378121
8 3 3.320600509765511
8 4 9.388310345851036E-1
8 5 -1.9125628904670247E1
8 6 1.6017920397411586E1
8 7 2.774752440840477E-1
8 8 9.471352486606729E1
8 9 -2.4356064491299207
8 10 3.495030179769481
8 11 -1.5475848410832228E1
8 12 4.615903057562377
8 13 6.5213130109623725
8 14 1.0492010501110751
8 15 -6.3924931607759605
8 16 -3.5253597155101746E-1
8 17 1.0882406339798276E1
8 18 6.010067004909475
8 19 6.439464116583072
8 20 -8.685734240149658
8 21 -3.979716853911681
8 22 1.8947085325324144
8 23 4.870154760723953
8 24 9.55343277638736
8 25 1.2683977481054335E1
8 26 1.3111187510309358E1
8 27 -2.9818995890727087
8 28 4.843578191257739
8 29 7.338727659604192
8 30 -1.0336246283106824E1
8 31 -8.002171386224848
8 32 -4.466890837774857
8 33 -5.060465680426787
8 34 1.4069305551454029E1
8 35 -5.4238904283029E-1
8 36 -1.74756337248644E1
8 37 -5.215652095786727E-1
8 38 -1.2989703683892959E1
8 39 7.187076983737611E-1
8 40 6.85957439818669
8 41 5.33809555680483E-1
8 42 -2.5887410369864963
8 43 -1.793948308892006E1
8 44 1.9812841443791946E1
8 45 -5.756767789577717
8 46 -8.74005151985712
8 47 -5.072952538121818
8 48 2.2078291464995563
8 49 -1.6373364071419452
8 50 1.6344217005486994
8 51 -3.196992492512295
8 52 -4.876663042778832
8 53 5.28903261374178
8 54 -2.008894539124785E1
8 55 -1.0382586763023442E1
8 56 -2.006808265256727E1
8 57 -1.5262934714941794E1
8 58 1.898475527712384E1
8 59 3.3934391508217105
8 60 -6.271250377330551E-1
8 61 -8.29288321638775
8 62 -2.519055192828115
8 63 2.219378078386868E1
8 64 2.347399905828792E-1
8 65 1.602979081558511E1
8 66 4.065316303799482
8 67 -3.4100283561003626
8 68 8.953491753961612E-1
8 69 6.715249299656082
8 70 1.358311974980559E1
8 71 9.263935242770215E-1
8 72 -2.0768595367668127E1
8 73 9.096412145486001
8 74 1.333359274013001E1
8 75 3.3486754664232143
8 76 -3.96535238578335
8 77 7.464008028973381
8 78 -1.3493959073214645E1
8 79 -2.031656460798123E1
8 80 -1.750329588815889
8 81 -7.2151984205672335
8 82 -4.58168198035125
8 83 -1.7297015364606148
8 84 3.2835662154487193
8 85 -7.421545441685341
8 86 -5.248682249172972
8 87 -3.108981555535519
8 88 -1.1864986865371765E1
8 89 -7.518201137592133
8 90 5.658328692743198
8 91 1.3834059739584237
8 92 1.2876401448135274E1
8 93 -1.4352204104023857E1
8 94 -1.1603785244587623E1
8 95 -1.1916750727616081
8 96 -7.466948491103706
8 97 1.3542042498796793E1
8 98 1.4474784118407547E1
8 99 -4.7011558373420685
8 100 8.98987829149317
9 1 2.514275623967459E-1
9 2 5.615337416035775
9 3 -1.178617354061093E1
9 4 -4.592613670411577
9 5 -7.324316749850374
9 6 1.6294853732341924E1
9 7 3.5759828595510057
9 8 -2.4356064491299207
9 9 9.708967675728272E1
9 10 -4.393184473345916
9 11 8.872771153915469
9 12 1.0242347171068882E1
9 13 -1.682051457410017E1
9 14 1.5093504181020002E1
9 15 -8.907429446776561
9 16 9.33123464445127
9 17 1.4039021916379502E1
9 18 1.8048557342470815E1
9 19 -9.571525797261258E-1
9 20 -6.116709552288968
9 21 -4.631937594447413
9 22 9.597529763499413
9 23 5.87468823983954
9 24 9.22493476750112
9 25 1.7499548357487537E1
9 26 6.329945929545949
9 27 -2.421811407531333
9 28 -1.959911214574155E1
9 29 1.1300768071236522E1
9 30 -4.7374815817828
9 31 -6.9757732769207275
9 32 8.604955964506209
9 33 -1.5913969296216479E1
9 34 2.041346927099652E1
9 35 4.496946015975925
9 36 4.986850176864056
9 37 6.770087890772146
9 38 -1.4570825875848192
9 39 -7.000014873026074
9 40 -1.169374046624931E1
9 41 -5.287323082110514
9 42 -5.8200162881217
9 43 1.8196342517549266E-1
9 44 -2.028877194329192E1
9 45 -7.584284930894747
9 46 2.0859631424282736
9 47 2.718843681331798E1
9 48 7.924584464660616E-1
9 49 5.557832634438883
9 50 4.17871849740664
9 51 -3.50475741131886
9 52 -1.3815918097190512E1
9 53 1.7175585612379014
9 54 2.3750803606174234E1
9 55 -4.983887913440465
9 56 9.664046849773509E-1
9 57 7.218732721840047E-1
9 58 -1.1575572325355896E1
9 59 -1.8615221654037382
9 60 3.9548373448979284
9 61 -6.738960433053985
9 62 6.430595363534397E-1
9 63 -1.357971764389578E1
9 64 -3.234117830439791
9 65 3.1924991260857145
9 66 -1.3945624765510582E1
9 67 -2.7944368942821893
9 68 5.463222308745569
9 69 -4.725829447987312
9 70 -1.689562272280615E1
9 71 1.294250873994786
9 72 8.127585565322205
9 73 7.556661705705571
9 74 8.13922180064169
9 75 1.0807479644226518E1
9 76 -1.3055389471166385
9 77 1.810999582426704E1
9 78 1.778043886257574E1
9 79 6.523024852354124
9 80 -4.313619315621608
9 81 7.547487172351338
9 82 -1.486709108987836E1
9 83 9.267408154496891
9 84 7.547034495715854E-1
9 85 -6.524228460736991
9 86 1.7391628498635352
9 87 -4.822633791470214
9 88 -5.090210007140068
9 89 -7.2079353115266285
9 90 1.4390955663465035E-1
9 91 1.8302579073628703E-1
9 92 3.5194625970061934E-2
9 93 -1.782206306587288E1
9 94 -2.0098572535830215
9 95 4.2536844016077895
9 96 -1.4415224635490722
9 97 1.450038760088069
9 98 -7.072514996193258E-1
9 99 1.2160498034494948E1
9 100 -7.08495599251614
10 1 7.113632409949433
10 2 8.919803537620245
10 3 2.233249284223845E1
10 4 1.7833113014833888
10 5 9.933117434820458
10 6 1.4348429737199124E1
10 7 4.177860552231188
10 8 3.495030179769481
10 9 -4.393184473345916
10 10 1.0870837103147598E2
10 11 -2.2281885695972616
10 12 8.12561178857138
10 13 -5.420680023353098
10 14 3.50872919613212E-1
10 15 -3.1467051998602504
10 16 1.7580314503503438
10 17 -1.1759268173569735E1
10 18 1.646687996750796E1
10 19 4.040749077504151
10 20 1.179309078446353E1
10 21 1.2728686932348865
10 22 -1.3744656812064273
10 23 1.6866733439168843E1
10 24 1.7469501083977
10 25 1.4971333885002013E1
10 26 -3.202833247082595E-1
10 27 -6.793850984291717
10 28 -6.256889498981623E-2
10 29 4.477941032603279
10 30 6.301448151977103
10 31 2.8260201295271665
10 32 9.528808962352882
10 33 1.5277161525696876E1
10 34 1.0392366979377213E1
10 35 -1.7283008193657984E1
10 36 -4.992923061098715
10 37 -8.848083712566552E-1
10 38 9.15102974903393
10 39 -3.5442478229849432
10 40 4.406266668538706
10 41 1.8921300748553138E-1
10 42 -1.1396498755507482E1
10 43 1.1285183709444757E1
10 44 1.1019206572212328E-1
10 45 -8.637070275563564
10 46 9.002346206684825
10 47 2.5612485682697262E1
10 48 1.1167851794881498
10 49 -1.2797528300244762E1
10 50 -1.3411339128084746E1
10 51 -5.507014831384212
10 52 1.2901390030363759E1
10 53 1.1441810475370053E1
10 54 -1.0270625552057423E1
10 55 5.80267403870327
10 56 -1.948150227745895E1
10 57 2.049797027743545
10 58 -2.2011634927669714E1
10 59 -2.6393420641666547
10 60 -7.612509881777124
10 61 4.971182559678864
10 62 -5.3496176499749115
10 63 1.1790421504408681
10 64 -7.732243070001904
10 65 -5.845038086013815
10 66 1.4749537742921271E1
10 67 2.3183547208456766E1
10 68 -1.1151738422705352E1
10 69 8.675196707007265
10 70 -5.888969706775701E-1
10 71 -5.8923996332501805
10 72 -8.840508986760947
10 73 -9.38912917718618
10 74 5.426486608572794
10 75 1.2581095011907304
10 76 -1.410193132665099E1
10 77 -9.309160063151193
10 78 3.567009312840042
10 79 -1.223845158928247E1
10 80 -1.2710739010325966E1
10 81 -3.2907715500979053
10 82 9.445118060301635
10 83 -3.3697535408595596
10 84 8.81023904296722
10 85 -6.393516912061507
10 86 1.1159071707596289
10 87 -3.057027209262538
10 88 -1.142326442716932E1
10 89 -3.573227659761937
10 90 1.5808399135373556E1
10 91 3.1789049365243063
10 92 -5.693675508678179
10 93 1.5739885078897047
10 94 -1.17958732002491E1
10 95 3.11792489717664
10 96 -2.7558460792633888E1
10 97 9.36125000045539
10 98 -1.109721042438422E1
10 99 -2.0437701696437096
10 100 2.2209171375331927E1
11 1 2.6233378803797303
11 2 -1.847171809068095
11 3 7.613907684583644
11 4 1.8337934477868973E1
11 5 -3.7965314103287375
11 6 -1.0274588659532874E1
11 7 1.1913939450445831E1
11 8 -1.5475848410832228E1
11 9 8.872771153915469
11 10 -2.2281885695972616
11 11 1.1238830824528799E2
11 12 6.378224523846917E-1
11 13 5.765506113993068
11 14 1.3179668890299821E1
11 15 2.6587236802319128E-2
11 16 -1.645356372756619E1
11 17 -3.182243503388488E1
11 18 4.659757655722794
11 19 2.0291690002551235
11 20 1.3395211110793361
11 21 4.274572012268833
11 22 6.762280553171398
11 23 -1.440451645918122E1
11 24 1.7921725338588693E1
11 25 -1.5493307619201437E1
11 26 1.2173397895450204
11 27 9.60490097610989
11 28 2.1285531603915047E1
11 29 -1.1837905963297647E1
11 30 -1.0146652796801579E1
11 31 3.050479224410066
11 32 1.7720546787565564E1
11 33 -7.240431912691258
11 34 -7.787994070969349
11 35 9.929093750414241
11 36 1.6582939384563886
11 37 9.074293316150971
11 38 5.918500302971862
11 39 -1.2434603598850858E1
11 40 -1.835794066705565E1
11 41 6.970929770562029
11 42 -7.252334423686642
11 43 1.3414535269959668E1
11 44 -2.951466219978556E1
11 45 6.755827505799099
11 46 -1.4129731940580498E1
11 47 7.127407044803775
11 48 -2.1326766996125947E1
11 49 1.6329849345572367E1
11 50 -8.314220571347532
11 51 1.4961828887493168E1
11 52 2.2448781996311196
11 53 -4.009073534948834
11 54 -6.5393065851331675
11 55 4.628870148646552
11 56 8.649105497563463
11 57 1.126357429027562E1
11 58 -1.3771159039833599E1
11 59 1.1357863456855783E1
11 60 6.385973377419636
11 61 3.7723825531328097
11 62 -3.595048048674488
11 63 -1.5226275762923218
11 64 1.3190229180675481E-2
11 65 -1.2473698084274776E1
11 66 5.833333522160785
11 67 6.615542272230777
11 68 -1.5443887245577963E1
11 69 2.1155185687301476E1
11 70 -2.3488442257475355
11 71 8.173629963243348
11 72 5.41156150044189
11 73 -5.92195191151912
11 74 1.0208215729778217E1
11 75 -1.7458443321603202E1
11 76 1.1872315713152549E1
11 77 -1.012870003587062
11 78 1.8358005989675622E1
11 79 -7.260753283636333
11 80 -2.1742007762643114
11 81 -1.6465644136638102
11 82 -8.665868963443452E-1
11 83 6.921352729148132E-1
11 84 9.488707981122891
11 85 3.8041479471405237
11 86 -5.497429251196751
11 87 3.297176293379672
11 88 4.443198448476403
11 89 -2.609764042255855E1
11 90 5.474828599330253
11 91 5.947267442672257
11 92 -6.6025238608961905
11 93 -2.6317250439051044E1
11 94 2.849635994955351E-1
11 95 -2.4566524318644616
11 96 -1.3710471024708013E1
11 97 2.095038732242459E1
11 98 2.0228042821897834E1
11 99 2.6739268612232157
11 100 -1.296480672569499E1
12 1 -2.545137460082181E-1
12 2 -8.510664921317977E-1
12 3 8.294385580715439
12 4 1.9693910847923448E1
12 5 -2.3948997335666076
12 6 -1.116554717525302E1
12 7 -3.153763380401147
12 8 4.615903057562377
12 9 1.0242347171068882E1
12 10 8.12561178857138
12 11 6.378224523846917E-1
12 12 9.075020000674147E1
12 13 -9.502735714764734
12 14 1.38694000164067E1
12 15 1.0542902354412906E1
12 16 1.1542582773373056
12 17 -9.367152989831919
12 18 1.998182708787494
12 19 9.36688337128376
12 20 -8.985313186699452
12 21 7.689978654626043
12 22 -3.0465678313705657
12 23 6.291996682637707
12 24 8.083771685328376
12 25 1.538858888586017E1
12 26 -1.7045060298246453
12 27 -8.11284062750382
12 28 5.198269692239045
12 29 -1.544865454163137
12 30 -1.0645912940935696
12 31 1.2301130671035019
12 32 6.470549704286269
12 33 -2.811891573387216
12 34 1.662024188434013E1
12 35 -1.5507129740610395E1
12 36 -9.81552502457335
12 37 -3.0995641177997717
12 38 6.233602126814225
12 39 1.712794556808137E1
12 40 -9.66491271357868
12 41 -3.722338835709648
12 42 6.465930035448778
12 43 -4.395503820318296
12 44 -8.207665300114353
12 45 -1.5062232111403254E1
12 46 -1.1391830742849465
12 47 1.3864948739786074E1
12 48 1.2136820664583267E1
12 49 -2.518036846898904E1
12 50 -4.512448871863416
12 51 -1.9456903646144523
12 52 9.74973160476254
12 53 7.5997503833345155
12 54 4.289937846372156
12 55 -1.6494199290843493E1
12 56 -3.815561631399256
12 57 -3.8545897560283082
12 58 -8.413686495891827
12 59 -1.1556129777071276
12 60 2.2496838652308915
12 61 8.184626377757962
12 62 1.2111796654464756E1
12 63 -8.334564506459396
12 64 -1.7173397914186125E1
12 65 9.459012856674565
12 66 -4.083170241211295
12 67 1.2014125913562685E1
12 68 -7.099388030794916
12 69 5.543611573757391
12 70 1.1943531537162055
12 71 -1.1197477144690346E1
12 72 -3.9358715732921525
12 73 2.113285801865335E1
12 74 -1.189969789043042E1
12 75 -1.4116472008656531E1
12 76 4.2567160630357516E-2
12 77 -2.5509275663279762E1
12 78 2.1436679086707635E1
12 79 5.016414137475145
12 80 -1.3733248501896134
12 81 -2.951631309343678
12 82 1.4040863979573603
12 83 1.9347926049149624E1
12 84 -6.193153707690619
12 85 -1.1631994565289364E1
12 86 6.383383248185631E-1
12 87 -1.1458570015785385E1
12 88 1.3018163129554832
12 89 -7.3860038531013466
12 90 6.7441719768538775
12 91 1.087271145015801E1
12 92 1.2285238595879319E1
12 93 -1.2220813589606621E1
12 94 -4.676733752424769
12 95 9.11729427272381
12 96 1.7099322358325473E1
12 97 -1.7305778793842128E-1
12 98 -8.731148538254121
12 99 3.5873286161609577
12 100 8.464626485425645
13 1 -3.236866409409222
13 2 -3.9898432478101364
13 3 6.774750533238354E-1
13 4 1.04466075691905E1
13 5 -7.183518087553482
13 6 -2.2139589082302702E1
13 7 6.454879814434813
13 8 6.5213130109623725
13 9 -1.682051457410017E1
13 10 -5.420680023353098
13 11 5.765506113993068
13 12 -9.502735714764734
13 13 8.632720243857236E1
13 14 -1.8545169990750544E1
13 15 -8.275086150652117
13 16 6.03166716223526
13 17 -9.466343207690773
13 18 -2.0242946057222422E1
13 19 1.3500258712083477
13 20 -3.5350444421174894
13 21 -9.303785826662154E-1
13 22 -8.887235888663527
13 23 -1.9110810172078347
13 24 7.91574801887615
13 25 -8.2628442482812
13 26 1.201043626304524
13 27 -4.864773929062104E-1
13 28 1.1868115186137087E1
13 29 3.711166840765435
13 30 -7.800355088418158E-1
13 31 -2.551255850759592
13 32 -3.145286589076428
13 33 1.1805842959792459E1
13 34 -6.695902124331495
13 35 -7.015309180483277
13 36 1.5281034942298926
13 37 -2.5501387136045155
13 38 1.4871450203143464E1
13 39 -7.976937812028303
13 40 4.580023786866173
13 41 2.4765895444195807
13 42 -7.148592880786533
13 43 7.577042833977388
13 44 1.200783585534353
13 45 -4.369166558663075E-1
13 46 -1.92281327944751E1
13 47 -7.309229346066486
13 48 -8.524905644520839
13 49 1.0883036683897261E1
13 50 -4.5178135772179155
13 51 -4.496155646605234
13 52 -8.658880161188943
13 53 -5.039035589379322
13 54 -4.565267695821402
13 55 -7.190512172614797
13 56 -5.638743958192582
13 57 -8.99710761715869
13 58 2.0486700938470282E1
13 59 6.265603035647582
13 60 -3.761621408648077
13 61 -1.0380691848279167E1
13 62 8.503525225217878E-1
13 63 1.5647758105830414E1
13 64 -5.782289708667517
13 65 3.4876908931118926
13 66 -1.7334686120167103E1
13 67 -2.044562701189476E1
13 68 -3.0884284886657563
13 69 3.725064359366764
13 70 3.766203395950848
13 71 -8.48684179859815
13 72 1.2743310561441712E1
13 73 2.3007631883411417
13 74 -1.0786063544366685E1
13 75 -1.043939979788081
13 76 1.0180834321874548
13 77 6.269367191707281E-1
13 78 -8.083974605744075
13 79 -9.21279823633471
13 80 -2.1620126128394395
13 81 -9.683377748350603
13 82 -1.7108676282458806
13 83 9.267881198082087E-1
13 84 -1.2991368167852043E1
13 85 1.2887705235255426E1
13 86 -1.767955911245127
13 87 1.112161577109129E1
13 88 -6.007142765637939
13 89 -7.1053152173307055
13 90 -1.032065746036195E1
13 91 -2.6305224521390333E1
13 92 6.927022518743342
13 93 -4.271819374640565E-1
13 94 -1.0892091866746268E1
13 95 -7.788838455045205E-1
13 96 2.449971481001574
13 97 1.3977660925979787E1
13 98 5.426949447823493
13 99 8.550222932957843E-1
13 100 -4.818885670641646
14 1 1.5642322240320226E1
14 2 -2.3671790538699136
14 3 5.461561261911377
14 4 5.241822138724335
14 5 8.914313337118536
14 6 5.913111333748141
14 7 9.712991011212548
14 8 1.0492010501110751
14 9 1.5093504181020002E1
14 10 3.50872919613212E-1
14 11 1.3179668890299821E1
14 12 1.38694000164067E1
14 13 -1.8545169990750544E1
14 14 9.638562929025545E1
14 15 -3.491275220550418
14 16 9.863448310189387
14 17 1.836933826857225
14 18 1.2495378297414417E1
14 19 1.11143445809624E1
14 20 2.8065281647477462E1
14 21 -9.708135053575739E-1
14 22 9.782060898949661
14 23 -1.6677338152814198E1
14 24 8.739393960957404
14 25 1.4610175988864011E1
14 26 7.31889088916831
14 27 -3.5799729500761157
14 28 7.99033609570248
14 29 4.460435047493995
14 30 -1.3341143026855887E1
14 31 -4.037264053172875
14 32 -1.8883050726897357
14 33 -1.4148067726700194E1
14 34 6.8617129313083085
14 35 -2.4328061424860477
14 36 -4.494275281864606
14 37 -2.997465182364307
14 38 -6.93360864833801
14 39 9.481389230962414
14 40 7.4854387977974906
14 41 5.611933847168817
14 42 -7.119429048786504
14 43 2.695599182921288
14 44 -5.419129293076882
14 45 -1.814293418322402E1
14 46 -6.06344384354383E-1
14 47 9.435508649372053
14 48 1.9209575855530256
14 49 1.3370675231051706E1
14 50 5.219797562498925
14 51 1.3498658076031523E1
14 52 6.3328511751458905
14 53 -1.1625671234524388
14 54 1.1272314508607582E1
14 55 -1.7621981335400342E1
14 56 2.3177820673629898E-1
14 57 6.145054049922559
14 58 -1.5033002703654494E1
14 59 1.3412319737311849E1
14 60 1.6244362560406113E1
14 61 -4.03426060951516
14 62 -1.6953447652334784E1
14 63 -1.2206998421926222E1
14 64 -3.5123530854251652
14 65 5.311533680946375
14 66 -1.1095196758812246E1
14 67 8.691932008256714
14 68 6.637604315248655
14 69 4.103900393713026
14 70 -1.8124686452203086E1
14 71 7.518440992337934E-2
14 72 -2.2269975897109973
14 73 3.6587662256765587
14 74 -6.133547302262606E-1
14 75 5.57423558533681
14 76 -1.1688449384656016E1
14 77 -4.746106959920197
14 78 1.5100643290210963E1
14 79 -1.5417900572931034E-1
14 80 -4.7114697251976265
14 81 1.1761228240034212E1
14 82 5.171316186039371
14 83 1.0371774593751551E1
14 84 -2.525249364486255
14 85 1.8001173117372749
14 86 -5.95351724576166E-1
14 87 -2.102654697964106
14 88 -1.2081718266144726E1
14 89 -1.5908272527056527E1
14 90 8.371997554216229
14 91 6.735891805830208E-2
14 92 2.907192822458754
14 93 -8.181627047885938
14 94 5.316303672917468
14 95 -5.604356951711797
14 96 1.259425612736862
14 97 5.03698317497397
14 98 -2.236964662133612E1
14 99 1.4472656451364312
14 100 -1.344286251078907E-1
15 1 1.021571413181607E1
15 2 -2.2435917998431205
15 3 -1.087276741643765E1
15 4 9.921738786653977E-1
15 5 6.298697355555502
15 6 8.742217666281627
15 7 -4.60744271337209
15 8 -6.3924931607759605
15 9 -8.907429446776561
15 10 -3.1467051998602504
15 11 2.6587236802319128E-2
15 12 1.0542902354412906E1
15 13 -8.275086150652117
15 14 -3.491275220550418
15 15 7.510304654558188E1
15 16 5.878597279947043
15 17 -1.2934679039972758E1
15 18 2.2841235458265086
15 19 -1.8341754495591626E1
15 20 9.389432369599312
15 21 1.4290755547040295E1
15 22 -6.128410186700032
15 23 -1.8634271512249465E-1
15 24 -2.606578428071725
15 25 -2.3367443957074276
15 26 -1.732680598815282E1
15 27 5.334085075123605
15 28 2.333007713433025E1
15 29 9.849387023332586
15 30 -1.6889607532115989
15 31 -3.4934834094595573
15 32 -7.080885010524096
15 33 1.5508456276427369E1
15 34 1.2605778591200144E1
15 35 -1.203538967098688E1
15 36 -3.0119252659354476
15 37 1.912464248677802
15 38 -6.197760042297182
15 39 2.9110915207201313
15 40 -3.449169838179794
15 41 1.4008884009589314E1
15 42 -1.4672925521829074E1
15 43 -1.1955581994141072E1
15 44 1.1289184780472908E1
15 45 1.8127029663406255E1
15 46 1.4221240556023185E1
15 47 1.620543525324573E1
15 48 9.816377013690552
15 49 -6.236225865217585
15 50 -1.0131614948882401
15 51 -3.123961719292224E-1
15 52 -6.823655418369646
15 53 5.987035016515953
15 54 -1.3966984572630672E1
15 55 1.124866633454039E1
15 56 9.35171090930788
15 57 -9.505961583267775E-3
15 58 -8.290871335735888
15 59 -4.8621269980847135
15 60 5.15404560001275E-1
15 61 -5.413265931043701
15 62 1.0181019271828308E1
15 63 -2.1469867304325905
15 64 -9.211168984678896
15 65 2.896552469394943E1
15 66 -7.827060702970163E-1
15 67 6.838419966598676
15 68 1.0354326782302548E1
15 69 -7.833226029251166
15 70 1.817628059183647E1
15 71 4.342286392228546
15 72 6.587742861098391
15 73 2.1337033474242556E1
15 74 1.7699046389551924E1
15 75 7.728699684624345
15 76 1.8076431241038307
15 77 -9.70438996654313E-1
15 78 3.0298292802763784
15 79 3.140865747471331
15 80 -7.023063631567938
15 81 4.031236885525477
15 82 1.1045177809097315
15 83 1.1806485145001118
15 84 -4.394138838620458
15 85 -3.3998273957906546
15 86 1.9456177298923752E1
15 87 -1.353008041614162E1
15 88 3.2799206060735835
15 89 -7.024030552857764
15 90 -2.181852370845007
15 91 2.1641956389970566E1
15 92 1.1218287224995716
15 93 1.029888926013221E1
15 94 -6.832107270882555
15 95 -3.1832904267104825
15 96 1.3786248226600415
15 97 1.3735663878458228E1
15 98 -8.182704198473068
15 99 -6.830499180711469
15 100 2.840787796748752
16 1 1.8652011916653117
16 2 -1.3190224244957928E1
16 3 7.821471411675471
16 4 -3.667500391393651
16 5 -2.4528474866677215
16 6 -1.019543443369682
16 7 -9.121091969702288
16 8 -3.5253597155101746E-1
16 9 9.33123464445127
16 10 1.7580314503503438
16 11 -1.645356372756619E1
16 12 1.1542582773373056
16 13 6.03166716223526
16 14 9.863448310189387
16 15 5.878597279947043
16 16 7.93803107799727E1
16 17 1.058268260919241
16 18 4.294917362346591
16 19 1.0054876698293734E-1
16 20 -2.5105051969230874
16 21 -7.002625361281377
16 22 -3.614024041178084
16 23 9.955776862384013
16 24 -4.2526406081567885
16 25 5.4802588679527515
16 26 6.101832132515421
16 27 6.85185269889649
16 28 8.239055234848655
16 29 -3.920113687614588
16 30 -5.273359098095733
16 31 -1.76862567522237E1
16 32 3.2495295800176254
16 33 -1.2212502427069138E1
16 34 4.888785450515565
16 35 -1.1857480335795513E1
16 36 -9.618955534626505
16 37 -1.076296592674708E1
16 38 -5.004027499251473
16 39 2.2983580685748386
16 40 8.689656563733432E-1
16 41 5.482349556235513
16 42 -1.1044284769007526
16 43 -4.169028687921258
16 44 1.5277427909275785
16 45 -6.782169773925419
16 46 1.4104088034225331E1
16 47 -1.043915846038618E1
16 48 1.2618229185816036E1
16 49 1.641703611535484E1
16 50 -4.681550784444319
16 51 -2.7894300583296925
16 52 -6.041706219843151E-1
16 53 -2.1426853882312944
16 54 4.238453631955619
16 55 1.8149663932411725E-1
16 56 -2.0763401776484613
16 57 7.6145464374879985
16 58 1.4509941423455512E1
16 59 3.46327843062753E-1
16 60 2.027460215168933
16 61 3.2999737505866533
16 62 2.8278191813047444
16 63 -8.562816716702066
16 64 -4.504080237659015
16 65 7.954396499292568
16 66 -9.662539812889579
16 67 1.1193440689168696E1
16 68 1.1946256653420118E1
16 69 2.752260197424174
16 70 7.746554703939282E-1
16 71 -1.109382151058331E1
16 72 9.697857234087383
16 73 1.3589853908059176E1
16 74 1.531312707235947E1
16 75 1.4555232723545336E1
16 76 -4.450139680340836
16 77 -1.0137350825126024E1
16 78 4.302814409546835E-1
16 79 -3.712642847113103
16 80 -7.758073218660208
16 81 -9.085656497189394
16 82 2.9940954817921237
16 83 7.472868021285339
16 84 4.285765686565269
16 85 -1.888014783479167E1
16 86 6.7386934426641725
16 87 3.799682911802083
16 88 -2.9914366588612925E1
16 89 1.423983228282702E1
16 90 1.0266671705019481
16 91 2.405231796801477
16 92 2.5076640305836356E-1
16 93 8.778206753988638
16 94 1.3406609095557342
16 95 2.4270572178136187
16 96 1.5886916132691004E1
16 97 5.549269343912929
16 98 -6.619500982332454
16 99 -2.777052075830528E1
