%%MatrixMarket matrix coordinate real general
%
500 500 992
1 1 1E-3
2 2 2.8543158946958086E-1
3 3 1E-3
4 4 5.259688625536884E-1
4 76 1.463333065200321E-1
4 92 1.0592272973711456E-1
4 150 -6.473924224351627E-1
5 5 4.3714582626251897E-1
6 6 1E-3
7 7 4.9754623863948383E-1
8 8 1.606683609056726
8 332 1.6342201052536638
9 9 3.539269333340126E-1
10 10 1E-3
11 11 1E-3
12 12 1E-3
13 13 1.0971111140185945E-1
13 398 3.555203639343539E-2
14 14 1.5983444655135745E-1
14 325 -2.988931558611566E-1
15 15 4.312989730777877E-1
15 261 5.139926656293304E-1
16 16 3.1145047238046026
16 376 -1.4839176615058747
17 17 1E-3
18 18 7.608661536834192
18 247 8.45224407614333E-1
18 149 1.3306257662016131E-2
18 128 -2.903391591299398E-1
18 374 -9.272383561116911E-1
19 19 1.3124560793232867
19 34 5.623179750062278E-1
20 20 3.998369597638769E-2
20 252 1.8974715212245874E-1
21 21 3.62732413915268E-1
21 341 6.177288158869723E-1
21 453 1.9404079230280016E-1
22 22 1E-3
23 23 8.694615690878432E-1
23 241 5.221356944854366E-1
23 146 -2.2875620030529217E-1
23 464 1.676965474686159E-1
24 24 1E-3
25 25 4.667514001861349
25 297 -1.8272460808424038
25 324 -2.2997805140652683
26 26 1E-3
27 27 2.9646256670375476E-1
27 387 1.005008875881372
27 412 -6.256688903285934E-1
28 28 1E-3
29 29 2.6679936362174156E-1
29 72 -4.96572133846566E-1
29 77 6.159428752350168E-1
29 432 4.328057548263127E-1
30 30 1E-3
31 31 3.9272798410241796
31 70 -9.035190258102335E-2
31 388 -1.554086490430093E-1
31 396 -1.240626285956588
32 32 2.163525780035949
32 489 8.722625046288053E-2
32 111 -1.3455753331069936E-1
33 33 3.8860510886227356E-1
33 379 -1.4601207097138477E-1
33 399 6.455736722991331E-1
34 34 1.5885936555092819
34 113 -1.57718625350944
34 324 1.8550486484322464
34 19 5.623179750062278E-1
35 35 4.546114840376401E-2
36 36 1E-3
37 37 1E-3
38 38 1E-3
39 39 2.4459669637077755E-1
39 472 4.452119637425482E-1
40 40 1E-3
41 41 2.1251836108497266
41 271 9.920828449226774E-1
41 323 6.821513306107548E-2
42 42 9.053702055177919
43 43 4.758192962963764
43 92 7.433342735140613E-1
43 131 3.0814323579049196E-1
43 113 9.9028892168488E-1
43 464 -1.6879237682268915
44 44 1.0567317913575258
44 63 -1.2581405793542472E-1
45 45 9.418574231521929E-1
46 46 1E-3
47 47 9.934470426368198E-1
47 184 2.2147986953914958E-1
47 434 -2.3060814117113396E-1
48 48 1E-3
49 49 1.9140708203799358E-3
49 392 5.052204418263054E-2
50 50 2.1491433734526572E-1
50 67 -5.575903106119788E-1
51 51 1E-3
52 52 1E-3
53 53 1.9623320150378716E-2
54 54 1E-3
55 55 4.617197017387973E-1
55 185 -8.047154075402592E-2
56 56 3.0984486560721497E-1
56 102 6.972667833267051E-1
57 57 8.532650238607034E-2
57 457 -6.367033787356566E-2
58 58 1E-3
59 59 1.2690273647686945E-1
59 144 3.345755858198735E-2
59 211 -4.0659520802909893E-1
60 60 1E-3
61 61 1E-3
62 62 1E-3
63 63 5.761213884042458E-1
63 44 -1.2581405793542472E-1
64 64 1E-3
65 65 7.786168145917406E-1
65 132 2.357686582281572E-1
66 66 1E-3
67 50 -5.575903106119788E-1
67 67 1.4544180286688668
68 68 2.9168706140726184
68 273 -1.8254883333645525E-1
68 290 2.1959796991021385E-1
69 69 1E-3
70 70 2.8939179276842475E-1
70 198 1.6508690818667553E-2
70 31 -9.035190258102335E-2
70 388 2.638966706816348E-2
71 71 3.5533573818954617E-1
71 294 8.322374915337825E-2
72 29 -4.96572133846566E-1
72 72 2.8876409617082364
72 77 -1.1507178336149448
72 432 -8.085770947180554E-1
72 375 -2.533154861656848E-1
73 73 4.852162439125387E-3
74 74 1E-3
75 75 1E-3
76 4 1.463333065200321E-1
76 76 7.75794054580941E-2
76 92 5.5431670756761066E-2
76 150 -3.3879455051726926E-1
77 29 6.159428752350168E-1
77 72 -1.1507178336149448
77 77 2.2663445832224767
77 432 1.0029505617077221
78 78 1E-3
79 79 1E-3
80 80 2.387832955930117
81 81 9.091810874246574
81 166 -2.996617191230386E-1
81 146 -6.650444080275815E-2
81 189 9.402673618104931E-2
81 405 -1.1987820048727692E-1
81 396 -3.195126581344934
82 82 1E-3
83 83 1.635144208509295E-1
83 299 1.048318366833881E-1
83 441 1.9261831746333474E-1
84 84 1.7425633212929732
85 85 1.204378686380683E-1
86 86 2.2821754979819757
87 87 8.970114994152887E-1
87 183 -1.0354489666498976
88 88 1E-3
89 89 1E-3
90 90 1E-3
91 91 1.8096334295397546E-3
91 403 -6.015777580803916E-2
92 43 7.433342735140613E-1
92 92 3.0731029557859855
92 131 1.2568824651135166
92 4 1.0592272973711456E-1
92 76 5.5431670756761066E-2
92 150 -2.4523496710528678E-1
93 93 7.977686931198171E-1
93 254 7.272270767425715E-1
94 94 1.994502734436513E-1
95 95 1E-3
96 96 3.453746759324066E-2
96 111 -2.891832046985079E-1
97 97 9.249575178027346E-2
97 160 -8.01127128680926E-1
98 98 4.7595598763082403E-1
98 340 1.1263991441093968E-1
99 99 1E-3
100 100 2.647007862461457E-1
100 163 4.324660994834667E-1
100 311 2.0972649362325077E-1
101 101 6.494756900103968E-1
102 56 6.972667833267051E-1
102 102 3.0787776338114052
102 409 3.970541616417923E-1
102 422 -1.243759688747742
103 103 6.95196388094915E-2
104 104 7.31939097653199
104 169 -1.093497970709604
104 437 2.3656892795065776
105 105 1E-3
106 106 3.2185772229169074
106 401 8.586509119705015E-1
106 363 -2.663989310806578E-1
107 107 3.6115560020675785E-3
108 108 1.3653886984487535
108 396 1.5120458705412435E-1
108 470 1.5155811690917231
108 489 -1.2710032415631705
109 109 1E-3
110 110 2.7130164922728923
110 201 2.215362194216407
110 312 -3.912345972992156E-1
110 404 -2.210544231104309
110 422 -5.875699009184275E-1
111 111 4.856244956777529
111 445 1.0756976725248568
111 480 -2.010869427364217
111 96 -2.891832046985079E-1
111 32 -1.3455753331069936E-1
112 112 1E-3
113 34 -1.57718625350944
113 113 2.636909842956693
113 324 -2.8481726868025112
113 43 9.9028892168488E-1
113 464 -3.653659348986611E-1
114 114 6.271783565425726
114 208 -1.9012058542381864
115 115 4.284628520179714
115 343 1.043707533304159
116 116 1E-3
117 117 1E-3
118 118 1E-3
119 119 1E-3
120 120 3.3767434885547014
120 195 -1.0723930391863894E-1
121 121 8.417373152435476E-1
121 457 -7.128403405199252E-1
121 496 7.610540935976359E-1
122 122 9.585444538965195E-1
122 375 -6.135721017710182E-1
123 123 7.544545319533104E-1
123 475 4.306024128961083E-1
124 124 1.8520841005403638E-1
125 125 1E-3
126 126 5.680467185130006E-1
127 127 1.9871750751352772
127 267 -4.767932117551828E-1
128 128 9.510950479587754E-1
128 292 -3.0137928335924496E-1
128 446 -4.098873110525125E-1
128 18 -2.903391591299398E-1
128 374 4.475082600037682E-2
129 129 4.9425197295118756E-1
129 162 -4.3126032317718284E-2
129 467 6.745758799376101E-1
130 130 1.9363943935698607
130 214 2.125566881534454
131 43 3.0814323579049196E-1
131 92 1.2568824651135166
131 131 5.220305021689313E-1
132 65 2.357686582281572E-1
132 132 3.883544701638857
133 133 1E-3
134 134 6.619029496468231E-1
134 262 1.187344163061381
135 135 1E-3
136 136 5.654720665227845E-1
136 226 -2.490855406284306E-3
137 137 1E-3
138 138 1.650307108490828E-1
139 139 5.993889061141447E-1
139 196 -3.882452735268871E-1
139 246 3.0696458356727463E-1
139 320 4.5820072967934405E-1
140 140 6.473961240929245
140 295 -4.187362257352407
140 450 1.39506682476999
140 393 -1.3275800127765383E-1
141 141 4.9671531039897654E-1
141 461 3.0835922550124E-1
142 142 1.1064302837285427
142 246 -5.592805762378338E-1
142 278 2.410051181365234E-2
143 143 1E-3
144 59 3.345755858198735E-2
144 144 5.766091367125544E-1
144 211 -1.080491447005852E-1
144 453 -8.884230624007982E-1
145 145 8.976605660259859E-2
146 23 -2.2875620030529217E-1
146 146 1.2674422488265518
146 81 -6.650444080275815E-2
146 189 -9.028523839374325E-1
146 405 1.1510802510858738
147 147 9.264291446297312
147 483 7.454285158609913E-1
147 156 6.812730842980856E-1
147 449 6.23602664016254E-2
148 148 1.6875613886403862
148 283 -8.893567159343757E-1
148 310 -1.7013685094357465
148 414 -8.278940509861435E-1
149 18 1.3306257662016131E-2
149 149 1.0861828904583473
150 150 1.5757541785651035
150 4 -6.473924224351627E-1
150 76 -3.3879455051726926E-1
150 92 -2.4523496710528678E-1
151 151 1E-3
152 152 6.268672395420645E-2
152 281 2.1621298363833863E-2
153 153 1E-3
154 154 1.1450014348895943E-1
154 380 2.2064962537732727E-1
154 315 -1.9908095232028492E-1
154 393 3.8191706054521085E-1
154 458 -3.4950212580758194E-1
155 155 1E-3
156 147 6.812730842980856E-1
156 156 7.562601115613762E-1
156 449 5.788714568805706E-2
156 298 8.252452353983741E-1
157 157 1E-3
158 158 3.705849116713098E-1
159 159 1E-3
160 97 -8.01127128680926E-1
160 160 7.246504553453905
161 161 9.939014279650468E-1
162 129 -4.3126032317718284E-2
162 162 4.770597514980307E-3
162 467 -5.8979553644525534E-2
163 163 9.36926562726412E-1
163 100 4.324660994834667E-1
163 311 3.439489125031651E-1
164 164 7.700163598028879E-1
165 165 1E-3
166 81 -2.996617191230386E-1
166 166 1.9607203738021464E-2
167 167 8.61407975503206E-2
168 168 1E-3
169 169 3.3799649350119243E-1
169 104 -1.093497970709604
169 437 -3.5347611719096306E-1
170 170 1.667926110488146E-1
170 213 3.557512964901086E-1
171 171 2.183035341251867E-2
172 172 1E-3
173 173 1E-3
174 174 1E-3
175 175 1E-3
176 176 1.6191169382917237E-1
177 177 1E-3
178 178 1.5935992626831674
178 448 -1.2047180450062656
178 186 1.7070560939446764
179 179 9.694653395431475E-1
179 293 1.6145501112901885
180 180 7.691376194909922E-1
181 181 1E-3
182 182 2.757233820609452
183 87 -1.0354489666498976
183 183 1.1975857170761737
184 47 2.2147986953914958E-1
184 184 5.0426649991066066E-2
184 434 -5.1463764641333266E-2
185 185 1.614411687184392
185 332 -1.0962611417461425
185 55 -8.047154075402592E-2
185 272 -2.5805322512390017E-1
186 186 3.087076440981023
186 475 -3.6594510058511096E-2
186 178 1.7070560939446764
187 187 4.287374346770493E-3
187 269 -2.4144611922037314E-2
187 388 6.347133303363993E-2
187 481 -3.2597653419638384E-2
188 188 1.1822201378492478
188 470 2.073814717845285
189 81 9.402673618104931E-2
189 146 -9.028523839374325E-1
189 189 1.277490139458411
189 405 -1.627444991426478
190 190 1E-3
191 191 1E-3
192 192 9.461792017794583E-2
193 193 1E-3
194 194 2.868217146406597
194 280 -1.0673853466550591
195 195 2.7880588390557213
195 261 1.8556485487000425
195 120 -1.0723930391863894E-1
196 139 -3.882452735268871E-1
196 196 5.79479377937674E-1
196 473 1.356822437932685E-1
197 197 1E-3
198 70 1.6508690818667553E-2
198 198 1.998123328294317E-3
199 199 1.460139931257082E-1
199 360 1.118121159449918E-1
200 200 1.2566969531285304
200 214 -6.309094871540926E-1
200 450 4.442967269789488E-1
201 110 2.215362194216407
201 201 2.349481287232797
201 312 -4.147435272994975E-1
201 404 -2.343373817113067
201 422 -6.228764401823863E-1
202 202 1E-3
203 203 1E-3
204 204 1E-3
205 205 1E-3
206 206 1E-3
207 207 1.1862345666705955E-1
207 472 4.9021240298554714E-1
208 208 5.862372822511088E-1
208 258 -2.2447223405609645E-2
208 468 5.243985873140897E-2
208 389 -5.010886875277708E-3
208 114 -1.9012058542381864
209 209 5.06728262159229
209 435 -4.996798183629446
210 210 1E-3
211 59 -4.0659520802909893E-1
211 144 -1.080491447005852E-1
211 211 1.3140744241019604
212 212 1E-3
213 170 3.557512964901086E-1
213 213 1.4752468586364
214 130 2.125566881534454
214 214 4.804344845917796
214 200 -6.309094871540926E-1
214 450 -2.2857112298412607E-1
215 215 1.1098264655258043
215 268 -1.3358736200253185
216 216 1E-3
217 217 1E-3
218 218 2.5624272260684084
218 460 -2.565842987582112
219 219 1E-3
220 220 1E-3
221 221 1E-3
222 222 8.354183794582745
222 389 5.753820655282803
222 267 1.0180533843525899E-2
223 223 2.8391914206609012
223 289 -9.776751566715874E-2
224 224 1E-3
225 225 9.151982273199458E-2
226 136 -2.490855406284306E-3
226 226 1.0109914396530468E-3
227 227 1.2971807655912229
228 228 1E-3
229 229 5.840484636078467E-2
229 319 1.5268968314913534E-1
230 230 1E-3
231 231 2.207058409549192
231 309 -1.0259800090205826E-1
231 461 -1.175598815581348
232 232 1E-3
233 233 5.838634199240775
233 331 6.193895384604422E-2
234 234 2.305800917460832
234 393 1.9924638272420216E-2
234 241 1.7955050910082029
235 235 1E-3
236 236 6.1272092221002E-1
236 308 -1.1047488594530208
237 237 2.5969897276930953
238 238 6.850508285292326E-1
238 386 2.4878221524164296E-1
238 427 -8.70883919236848E-1
239 239 1E-3
240 240 1E-3
241 23 5.221356944854366E-1
241 241 3.2571841275032143
241 234 1.7955050910082029
242 242 1E-3
243 243 1E-3
244 244 1.1937890442876072E-3
245 245 1E-3
246 142 -5.592805762378338E-1
246 246 1.0347195193262013
246 139 3.0696458356727463E-1
246 320 5.436872489307777E-1
246 371 2.2071947718499726E-1
247 18 8.45224407614333E-1
247 247 4.5154567807632756E-1
248 248 1.0596477469654326
249 249 1E-3
250 250 1.8255428102720093
250 428 -1.2464297512590228
251 251 7.557075536203016E-2
252 20 1.8974715212245874E-1
252 252 9.245651170784576E-1
253 253 1E-3
254 254 2.0766624587347313
254 93 7.272270767425715E-1
255 255 3.3881854553990034
255 485 -5.12184218855576E-1
256 256 1.1391192546332824E-2
257 257 1E-3
258 208 -2.2447223405609645E-2
258 258 1.0639265725926794E-1
258 468 -2.4621201286848923E-1
259 259 1E-3
260 260 1E-3
261 195 1.8556485487000425
261 261 1.8526429148902452
261 15 5.139926656293304E-1
262 134 1.187344163061381
262 262 2.134121303679006
263 263 1E-3
264 264 3.1508122332029176
264 421 -2.856053099450023E-1
265 265 1E-3
266 266 1E-3
267 127 -4.767932117551828E-1
267 267 9.040438685892468E-1
267 222 1.0180533843525899E-2
268 215 -1.3358736200253185
268 268 1.6104117376909044
269 187 -2.4144611922037314E-2
269 269 1.7833370872060456E-1
269 388 -4.661746861221137E-1
269 481 2.394183346230235E-1
270 270 1E-3
271 271 1.2311704039741291
271 337 3.976902658387134E-1
271 414 8.495995680896347E-1
271 41 9.920828449226774E-1
271 323 3.18593284160304E-2
272 272 4.295533760494245
272 185 -2.5805322512390017E-1
272 458 -8.493345990483093E-1
273 68 -1.8254883333645525E-1
273 273 6.425860373039544E-2
274 274 1E-3
275 275 3.9668623229256844E-1
276 276 9.158512114549876E-1
276 458 3.5320180245690497E-1
276 424 3.330750969217786E-1
277 277 7.955582885643634E-1
278 142 2.410051181365234E-2
278 278 1.2158484860001605E-2
279 279 2.4935625278568552E-1
279 300 6.259918063775383E-2
280 194 -1.0673853466550591
280 280 3.983579328241001E-1
281 152 2.1621298363833863E-2
281 281 8.822125616462565E-3
282 282 1E-3
283 148 -8.893567159343757E-1
283 283 6.03509571632397E-1
283 310 1.1526205328443502
284 284 6.289230120388479E-1
285 285 9.41407969811349E-1
286 286 1.854134480805918E-2
287 287 4.333207984288977
287 475 3.155187503248761E-1
288 288 7.728013140105672E-1
289 223 -9.776751566715874E-2
289 289 6.871755837787726E-2
290 68 2.1959796991021385E-1
290 290 2.4852372649742716E-2
291 291 1.2225629059301677
292 128 -3.0137928335924496E-1
292 292 9.80314760819945E-2
292 446 1.3196650537952406E-1
293 293 3.614857025029973
293 179 1.6145501112901885
294 71 8.322374915337825E-2
294 294 4.9416543870092484E-2
295 140 -4.187362257352407
295 295 3.3330576349724956
295 450 -1.1101124715468986
296 296 1E-3
297 25 -1.8272460808424038
297 297 1.2382928327374099
297 324 1.5572625804239069
298 156 8.252452353983741E-1
298 298 5.544363884026776
299 83 1.048318366833881E-1
299 299 6.862300800673653E-2
299 441 1.2425070890827236E-1
300 279 6.259918063775383E-2
300 300 1.6778372288052144E-2
301 301 1E-3
302 302 5.8390851017976155
302 324 -4.878504181843908
303 303 4.310716588944756E-3
304 304 1E-3
305 305 1E-3
306 306 1E-3
307 307 1.964264690161939E-1
308 236 -1.1047488594530208
308 308 1.996141899108906
309 231 -1.0259800090205826E-1
309 309 5.771564408056542E-3
309 461 5.467402305368753E-2
310 148 -1.7013685094357465
310 283 1.1526205328443502
310 310 2.206000808758866
311 100 2.0972649362325077E-1
311 163 3.439489125031651E-1
311 311 1.6779966242666577E-1
312 110 -3.912345972992156E-1
312 201 -4.147435272994975E-1
312 312 7.771856181036103E-2
312 404 4.1384154430966086E-1
312 422 1.100004386994247E-1
313 313 9.383297888536342E-2
313 438 1.9492891612350974E-2
314 314 2.855880261072202E-1
315 154 -1.9908095232028492E-1
315 315 7.400610059503338E-1
315 393 -1.4178152337850645
315 458 1.2974791895990563
316 316 4.57575233974979E-1
317 317 1E-3
318 318 1.4736890154594726
318 426 -1.792705699654618
318 459 9.822926736142445E-1
319 229 1.5268968314913534E-1
319 319 4.071353843481423E-1
320 320 1.0070423418623025
320 429 -4.937823663530475E-1
320 139 4.5820072967934405E-1
320 246 5.436872489307777E-1
321 321 1E-3
322 322 1.6056286928894727
323 41 6.821513306107548E-2
323 271 3.18593284160304E-2
323 323 3.1906318996024995E-3
324 34 1.8550486484322464
324 113 -2.8481726868025112
324 324 9.387575869110364
324 302 -4.878504181843908
324 25 -2.2997805140652683
324 297 1.5572625804239069
325 14 -2.988931558611566E-1
325 325 5.634543073643377E-1
326 326 1E-3
327 327 2.710172060543786
328 328 4.495663557970249E-1
328 490 2.9476654913431594E-1
329 329 4.028217974606036E-1
329 411 4.208068419003268E-1
330 330 1E-3
331 233 6.193895384604422E-2
331 331 3.27680722385358E-1
331 474 -3.843871986464158E-2
332 185 -1.0962611417461425
332 332 2.461361847368406
332 8 1.6342201052536638
333 333 1E-3
334 334 1E-3
335 335 1E-3
336 336 1E-3
337 271 3.976902658387134E-1
337 337 2.0724956167971167E-1
337 414 4.4061812313209925E-1
338 338 1E-3
339 339 7.817338920634538E-1
339 398 -5.933209072551858E-1
340 98 1.1263991441093968E-1
340 340 2.7713528514068993E-2
341 21 6.177288158869723E-1
341 341 1.055892719861439
341 453 3.313625880678077E-1
342 342 2.515348940673592
343 115 1.043707533304159
343 343 5.425630273674036
344 344 3.1254793729052016E-2
345 345 1E-3
346 346 1E-3
347 347 1E-3
348 348 1E-3
349 349 1E-3
350 350 1E-3
351 351 1E-3
352 352 1E-3
353 353 2.3981347462223623E-1
354 354 8.517469470340636E-1
355 355 2.4338211946641325E-1
356 356 1E-3
357 357 1E-3
358 358 1E-3
359 359 1E-3
360 199 1.118121159449918E-1
360 360 1.8971148138703358
361 361 4.6254786909698437E-1
361 483 -1.536827948778618E-1
362 362 1E-3
363 363 2.4243300782903654E-1
363 106 -2.663989310806578E-1
364 364 1E-3
365 365 1E-3
366 366 1E-3
367 367 1E-3
368 368 1E-3
369 369 1E-3
370 370 5.916426606045412E-1
370 380 -1.4073412576261896E-1
370 429 4.3477568892922286E-2
371 371 3.7663635163091187
371 246 2.2071947718499726E-1
372 372 4.724651571078657E-2
373 373 1E-3
374 18 -9.272383561116911E-1
374 128 4.475082600037682E-2
374 374 1.439179669031796E-1
375 122 -6.135721017710182E-1
375 375 1.4087752073142341
375 72 -2.533154861656848E-1
376 376 1.8408647122782373
376 16 -1.4839176615058747
377 377 1.8560182647641124E-1
378 378 3.2036015402761846
379 33 -1.4601207097138477E-1
379 379 5.600320914740085E-2
379 399 -2.4318964508409555E-1
380 154 2.2064962537732727E-1
380 380 9.855090121996869E-1
380 370 -1.4073412576261896E-1
380 429 -5.2938786998811854E-2
381 381 1.0023133035602313E-3
382 382 7.5521475030026535
383 383 1E-3
384 384 1E-3
385 385 1E-3
386 386 2.369474060233216E-1
386 238 2.4878221524164296E-1
386 427 -8.134265046821639E-1
387 27 1.005008875881372
387 387 3.419513728722384
387 412 -2.1281978125288323
388 187 6.347133303363993E-2
388 269 -4.661746861221137E-1
388 388 1.2718707884989386
388 481 -6.293826921006531E-1
388 31 -1.554086490430093E-1
388 70 2.638966706816348E-2
389 208 -5.010886875277708E-3
389 389 5.9675220711772745
389 222 5.753820655282803
390 390 3.235617647426207
390 414 5.621326621869589E-1
391 391 1E-3
392 49 5.052204418263054E-2
392 392 2.7934279951642353
393 234 1.9924638272420216E-2
393 393 3.67753777951785
393 154 3.8191706054521085E-1
393 315 -1.4178152337850645
393 458 -2.4890851306208215
393 140 -1.3275800127765383E-1
394 394 2.748057813709111
395 395 1E-3
396 108 1.5120458705412435E-1
396 396 2.8688163518641847
396 470 1.6796007258053988E-1
396 489 -1.4085540323187526E-1
396 31 -1.240626285956588
396 81 -3.195126581344934
397 397 1E-3
398 339 -5.933209072551858E-1
398 398 4.6352254619448086E-1
398 13 3.555203639343539E-2
399 399 3.5973039226462897
399 33 6.455736722991331E-1
399 379 -2.4318964508409555E-1
400 400 1E-3
401 106 8.586509119705015E-1
401 401 1.268015152938448
402 402 4.3122940978338403E-1
403 91 -6.015777580803916E-2
403 403 6.152008308422096
404 404 2.4074010957174554
404 110 -2.210544231104309
404 201 -2.343373817113067
404 312 4.1384154430966086E-1
404 422 6.215218103525425E-1
405 81 -1.1987820048727692E-1
405 146 1.1510802510858738
405 189 -1.627444991426478
405 405 2.075890450186216
406 406 1E-3
407 407 1E-3
408 408 1E-3
409 102 3.970541616417923E-1
409 409 1.0585066693975981E-1
409 422 -3.2844142053254455E-1
410 410 1E-3
411 411 4.571019012680757E-1
411 329 4.208068419003268E-1
412 27 -6.256688903285934E-1
412 387 -2.1281978125288323
412 412 1.4827145181755523
413 413 1E-3
414 271 8.495995680896347E-1
414 337 4.4061812313209925E-1
414 414 2.9796681012801374
414 390 5.621326621869589E-1
414 148 -8.278940509861435E-1
415 415 1E-3
416 416 5.4026510210453155E-2
417 417 1E-3
418 418 1E-3
419 419 1E-3
420 420 1E-3
421 264 -2.856053099450023E-1
421 421 2.689690655491396E-2
422 422 3.1561028255199193
422 102 -1.243759688747742
422 409 -3.2844142053254455E-1
422 110 -5.875699009184275E-1
422 201 -6.228764401823863E-1
422 312 1.100004386994247E-1
422 404 6.215218103525425E-1
423 423 1E-3
424 276 3.330750969217786E-1
424 424 1.895215827036498E-1
425 425 7.220409376142143E-1
425 468 7.067946327297133E-1
426 318 -1.792705699654618
426 426 6.892493538326407
427 238 -8.70883919236848E-1
427 386 -8.134265046821639E-1
427 427 2.8484706751873805
428 250 -1.2464297512590228
428 428 8.524939282745659E-1
429 320 -4.937823663530475E-1
429 429 1.270999004634997
429 370 4.3477568892922286E-2
429 380 -5.2938786998811854E-2
430 430 1E-3
431 431 1E-3
432 29 4.328057548263127E-1
432 72 -8.085770947180554E-1
432 77 1.0029505617077221
432 432 7.05745183955181E-1
433 433 1.8374242015046555E-1
434 47 -2.3060814117113396E-1
434 184 -5.1463764641333266E-2
434 434 2.7007516480784577E-1
435 209 -4.996798183629446
435 435 5.098025154227997
436 436 2.112433594620924E-1
436 471 -1.0295402717230018
436 498 -7.386922035702657E-1
437 104 2.3656892795065776
437 169 -3.5347611719096306E-1
437 437 7.657153295196577E-1
438 313 1.9492891612350974E-2
438 438 5.49012531247023E-2
439 439 1E-3
440 440 1E-3
441 83 1.9261831746333474E-1
441 299 1.2425070890827236E-1
441 441 2.29298608998143E-1
442 442 1.0189804393672575
443 443 1E-3
444 444 1E-3
445 111 1.0756976725248568
445 445 5.05624340867239E-1
445 480 -9.433260713226115E-1
446 128 -4.098873110525125E-1
446 292 1.3196650537952406E-1
446 446 1.8047947661197716E-1
447 447 8.92086691700272E-1
448 178 -1.2047180450062656
448 448 2.3203084979947173
449 147 6.23602664016254E-2
449 156 5.788714568805706E-2
449 449 6.298694326161687E-3
450 140 1.39506682476999
450 295 -1.1101124715468986
450 450 5.318099577019417E-1
450 200 4.442967269789488E-1
450 214 -2.2857112298412607E-1
451 451 1E-3
452 452 6.01670440694225E-2
453 21 1.9404079230280016E-1
453 341 3.313625880678077E-1
453 453 1.6853685663275433
453 144 -8.884230624007982E-1
454 454 1E-3
455 455 1E-3
456 456 1E-3
457 121 -7.128403405199252E-1
457 457 6.534736601104091E-1
457 496 -6.452789110199845E-1
457 57 -6.367033787356566E-2
458 154 -3.4950212580758194E-1
458 315 1.2974791895990563
458 393 -2.4890851306208215
458 458 4.373243879717115
458 276 3.5320180245690497E-1
458 272 -8.493345990483093E-1
459 459 1.8317741537477952
459 318 9.822926736142445E-1
460 460 2.9446472513912947
460 218 -2.565842987582112
461 141 3.0835922550124E-1
461 461 8.192859895113718E-1
461 231 -1.175598815581348
461 309 5.467402305368753E-2
462 462 1E-3
463 463 1E-3
464 23 1.676965474686159E-1
464 464 2.280854081237587
464 43 -1.6879237682268915
464 113 -3.653659348986611E-1
465 465 1E-3
466 466 1E-3
467 129 6.745758799376101E-1
467 162 -5.8979553644525534E-2
467 467 9.235561026567517E-1
468 208 5.243985873140897E-2
468 258 -2.4621201286848923E-1
468 468 1.2690155622659773
468 425 7.067946327297133E-1
469 469 4.591063912609819E-3
470 108 1.5155811690917231
470 396 1.6796007258053988E-1
470 470 5.325430393508497
470 489 -1.4118473576905195
470 188 2.073814717845285
471 436 -1.0295402717230018
471 471 5.042553625338572
471 498 3.617300322488984
472 472 3.9137587733124146
472 39 4.452119637425482E-1
472 207 4.9021240298554714E-1
473 196 1.356822437932685E-1
473 473 1.376330004895801E-1
474 474 1.924492545280514
474 331 -3.843871986464158E-2
474 480 1.6166441226472097
474 494 -1.046294850839531
475 186 -3.6594510058511096E-2
475 475 2.920304543329701E-1
475 123 4.306024128961083E-1
475 287 3.155187503248761E-1
476 476 1E-3
477 477 1E-3
478 478 1E-3
479 479 1.58254117816543E-1
480 474 1.6166441226472097
480 480 5.988381335662536
480 494 -2.733755767806208
480 111 -2.010869427364217
480 445 -9.433260713226115E-1
481 187 -3.2597653419638384E-2
481 269 2.394183346230235E-1
481 388 -6.293826921006531E-1
481 481 3.2423882113114494E-1
482 482 1.1491166538537
483 147 7.454285158609913E-1
483 483 3.2514081903694025E-1
483 361 -1.536827948778618E-1
484 484 1E-3
485 255 -5.12184218855576E-1
485 485 7.84485712397446E-2
486 486 1E-3
487 487 1E-3
488 488 1.1254474712745497
489 489 1.8673786613270267
489 108 -1.2710032415631705
489 396 -1.4085540323187526E-1
489 470 -1.4118473576905195
489 32 8.722625046288053E-2
490 490 1.9876655832194948E-1
490 328 2.9476654913431594E-1
491 491 1E-3
492 492 1E-3
493 493 1E-3
494 474 -1.046294850839531
494 480 -2.733755767806208
494 494 1.7702914248961723
495 495 1E-3
496 121 7.610540935976359E-1
496 457 -6.452789110199845E-1
496 496 6.89923071309061E-1
497 497 1E-3
498 436 -7.386922035702657E-1
498 471 3.617300322488984
498 498 4.186943889358735
499 499 1E-3
500 500 1E-3
