%%MatrixMarket matrix coordinate real general
%
1000 1000 1946
1 1 3.4176168063374635E-1
1 679 4.3356337398929296E-1
1 878 -1.2842503217570447E-1
1 233 3.218406321345811E-1
2 2 9.085215469338638E-1
3 3 5.285620863268542E-1
3 411 -3.027341127874347E-1
3 498 -2.457316628806733E-1
3 929 3.959933566005599E-1
4 4 5.281775422394818E-1
4 760 1.6536699206165857E-2
5 5 2.7348705141164126E-1
5 986 7.44845635521444E-1
6 6 1E-3
7 7 5.264917275356078E-1
7 339 1.4517112839873927E-1
7 286 -1.4049892455338708E-1
7 512 1.2223047721044882
8 8 1E-3
9 9 7.840706792256888E-2
9 563 -3.6208931032268366E-1
9 590 3.0862713089745375E-1
9 969 1.444149944246078E-1
10 10 1.0900275760258225
10 368 6.895874650337107E-1
11 11 1E-3
12 12 7.571585220359079E-1
12 114 -4.7735186105439176E-1
12 995 -9.519079261921805E-1
13 13 1E-3
14 14 1.8834724889003097E-2
15 15 1E-3
16 16 1E-3
17 17 6.178040329438866E-1
17 101 4.709004599061665E-2
17 436 -2.8422974821041996E-1
17 512 -1.8064464683592818E-1
18 18 1E-3
19 19 5.372010293675569E-1
19 735 -6.518158625142987E-1
19 972 -6.045770081774217E-1
20 20 1.53501041231371
20 983 8.153691455194297E-1
21 21 1E-3
22 22 7.189825907233601E-1
22 187 -6.018353288447092E-1
23 23 1E-3
24 24 1E-3
25 25 1E-3
26 26 1E-3
27 27 1.4921364859744662E-1
28 28 2.273488503537769
28 349 -8.67756963524514E-3
28 647 2.8339290125050596
29 29 1.2857647613717565E-1
29 42 2.773986499186429E-1
29 256 -1.9694317576653245E-1
30 30 8.455073040290004E-2
31 31 1E-3
32 32 1.0402947953597654E-1
32 334 2.3763724538095325E-2
32 815 -1.8613109320937876E-1
33 33 1.0092198357482944
33 918 7.176321532115146E-1
34 34 1E-3
35 35 1E-3
36 36 1.3970268876834455
36 675 -6.697584995590684E-1
37 37 1E-3
38 38 3.5537807964241247E-1
38 309 -7.298671069804683E-1
38 410 7.338833873729508E-1
38 420 -1.3270434919984572E-1
38 583 -4.856340427871124E-2
39 39 1.0160150141279768E1
39 98 3.6430295883415904
40 40 5.85587629325482
40 376 -4.5494011116545885E-2
41 41 1E-3
42 29 2.773986499186429E-1
42 42 3.6477554386157394
42 256 -4.7255783679874064E-1
42 938 1.1947093441874677
42 977 -9.609182906292165E-1
42 363 -1.1324820037391382E-1
43 43 1E-3
44 44 1E-3
45 45 2.7603430611772493
45 678 4.980698785168514E-2
45 271 2.6866120388379044E-1
45 303 -1.9585303020072207
45 880 -1.7209180704268325
45 89 -3.936331087152384E-1
45 826 -4.471431975313607E-1
46 46 1.2278539528733425
47 47 1.7623402060757338
47 116 -2.684096520118092E-1
47 142 7.927068996267231E-1
47 225 6.390786563255251E-1
47 867 1.1733335605188038
48 48 1E-3
49 49 1E-3
50 50 6.654681898000774E-1
50 682 2.1050222952660383E-1
50 428 -1.9574679857157007E-1
50 544 4.2161641451637505E-2
51 51 6.1893270322697935
52 52 3.4208485015244983
53 53 1.9867120609766047E-3
54 54 1.5753205118546867
54 286 -2.193919961698969
55 55 5.911039795255794E-1
55 946 -9.086898927852948E-1
56 56 8.502694415977244E-1
56 87 -9.996861448099821E-2
57 57 5.904247281543458E-3
57 939 -4.141733779716635E-2
58 58 1E-3
59 59 2.946526402616256E-1
60 60 1E-3
61 61 6.291962326963791E-1
62 62 1E-3
63 63 1.2125807256200934E-2
64 64 2.8833142587003437
64 126 1.5223355249818769
65 65 7.036042253916024E-2
65 491 2.4372464255376796E-2
66 66 1E-3
67 67 1E-3
68 68 1E-3
69 69 1E-3
70 70 3.3890608643393016
71 71 2.1991819177352814
72 72 2.6403002242003706
73 73 2.8812662295098015
73 821 -6.98758357884746E-1
74 74 1E-3
75 75 1E-3
76 76 1E-3
77 77 2.4100609429272626
77 105 1.0493685243180344
77 689 -2.534339400948482E-1
77 922 -5.070916663213797E-1
78 78 2.2996630348015565
78 499 1.7089340754485636
79 79 1E-3
80 80 1E-3
81 81 7.683084449905918E-1
81 910 -6.088869849328947E-1
81 294 5.271103763465722E-2
82 82 1.4153605932014084
82 465 -5.609956354575736E-1
82 218 1.986412382991471E-1
82 578 1.7939332234222352E-1
83 83 3.968372524545681E-2
84 84 8.759239889895584E-1
85 85 1E-3
86 86 1E-3
87 56 -9.996861448099821E-2
87 87 5.951715835823089E-1
87 676 4.2804145453587614E-2
88 88 1E-3
89 89 1.6134729426212302
89 174 2.0979026102620896E-1
89 45 -3.936331087152384E-1
89 826 2.726717745555834E-1
90 90 1.0191862306654213E-3
91 91 1E-3
92 92 1E-3
93 93 1E-3
94 94 1E-3
95 95 3.762593160924046E-1
95 134 -1.5545059864926702E-1
95 604 3.095527532112889E-2
96 96 1.9996410952318961
96 833 -1.195765575052597E-1
96 597 -1.2883105764181118
96 870 1.0354338342498333
97 97 7.895487067509777E-2
98 39 3.6430295883415904
98 98 5.310207100422135
98 268 2.1119617327877878
98 916 -1.104615009761119
98 440 2.4467724888617118E-1
99 99 7.43004264141188E-1
99 212 -2.0260558682349386
99 634 -7.944867323428746E-2
99 944 -2.747439835819066E-1
100 100 2.308544027286874
101 101 2.669485844995041
101 17 4.709004599061665E-2
101 436 -2.1699585606223985E-2
101 512 -1.3791357178490499E-2
102 102 5.984946655162987E-1
102 335 -1.2688203693331466
102 502 -3.5589457649266903E-1
103 103 2.0933747775196947
104 104 1.4551700824716536
104 351 -3.474007223644021E-1
105 77 1.0493685243180344
105 105 1.1786085276116285
106 106 1E-3
107 107 1E-3
108 108 1E-3
109 109 2.5114612782479086E-3
109 430 4.199786557093582E-2
110 110 1E-3
111 111 6.424482832004218E-1
111 822 1.525756585237299E-1
112 112 1.4670935205755968
112 861 3.31779311818705E-1
113 113 1E-3
114 12 -4.7735186105439176E-1
114 114 3.023452769646503E-1
114 995 6.009256086896101E-1
115 115 1.5526897654267287
115 767 -1.7446908537725516
115 658 1.046751155304214E-1
115 964 5.44545158082294E-1
116 47 -2.684096520118092E-1
116 116 9.224334907837169E-2
116 142 -2.694732913564993E-1
116 225 -2.1724880789712092E-1
117 117 3.598217480553869E-2
118 118 1E-3
119 119 1E-3
120 120 3.208189839399761E-1
120 349 -2.4175279047585974E-1
121 121 1E-3
122 122 1E-3
123 123 3.2173077169272885E-1
123 455 -4.653873039942292E-2
123 601 -5.661849701825302E-1
123 835 -1.790083179638856E-1
124 124 1E-3
125 125 1E-3
126 126 5.5405407211528495
126 64 1.5223355249818769
126 322 -6.941459039896065E-2
127 127 4.717336026957566E-2
127 426 3.039833396208304E-2
128 128 4.6179321505678445E-1
128 935 3.717647101319454E-1
129 129 4.7059820945605135E-1
129 897 -4.457731348315743E-2
130 130 1E-3
131 131 1.1862343713957044
132 132 2.2306432885906544E-1
133 133 4.1320734639398865E-1
133 816 2.180557021808775E-1
134 95 -1.5545059864926702E-1
134 134 1.2711976217471133
134 985 1.4539816089475994
135 135 1.8827566559555706
135 350 -1.1160107197687837E-1
135 574 6.82379178354475E-2
135 803 -4.419118802896033E-2
136 136 1E-3
137 137 1.215349206282035
137 755 -2.3124776988077578
138 138 1E-3
139 139 1.0996347974148504
139 205 8.908859058912825E-1
140 140 1E-3
141 141 2.6821771584090104E-1
141 413 -3.4514781743313716E-1
142 47 7.927068996267231E-1
142 116 -2.694732913564993E-1
142 142 7.968481959285908E-1
142 225 6.41611162880802E-1
143 143 3.003038412150891
143 317 -5.449283640989168E-2
143 375 6.496955621648187E-2
143 834 -2.924772865087996E-2
143 648 -4.129323584978512E-1
143 976 -9.525987211267598E-1
144 144 3.7428394182277464E-1
144 898 -4.0830828489204574E-1
145 145 1E-3
146 146 1E-3
147 147 1E-3
148 148 7.780821303155028E-1
149 149 1E-3
150 150 4.2241678741971656E-2
150 412 -2.2771737975372447E-1
151 151 1E-3
152 152 1E-3
153 153 1.757253047137752
153 372 -9.096789925226054E-1
153 691 4.9179597442052536E-1
153 884 5.527298814679374E-1
154 154 1E-3
155 155 7.551912978648033E-2
155 450 -3.0537952046347694E-1
156 156 3.4991405645817077
156 477 -2.211120491467892
157 157 1E-3
158 158 1.5277453978063522E-2
158 433 -1.424354169636217E-1
159 159 3.8725135868712344
159 432 9.890790197499512E-1
160 160 1.5663833157569858
160 618 6.201353891572691E-1
161 161 1E-3
162 162 4.457145183577695
162 825 -3.730845882967372
163 163 4.3376579485745537E-1
163 965 1.8322614117613423E-1
164 164 1E-3
165 165 1.5786508269351964
165 494 -1.200375166090276
165 760 -6.626312218569069E-2
166 166 3.5704772046619415
166 432 -1.1727282712627165
166 696 1.994433030673149E-1
167 167 3.2011095311318845
168 168 1.986488607486678E-1
168 283 4.5623210049250845E-1
169 169 2.0208339158303956
169 543 -1.4919157117263095
170 170 1E-3
171 171 1E-3
172 172 6.353478907524662E-1
173 173 1E-3
174 89 2.0979026102620896E-1
174 174 1.1825864561351558
175 175 3.53221914573495
175 976 -1.979881345298508
176 176 1E-3
177 177 3.480670945714074E-1
178 178 1.8295743925766703E-1
178 374 1.3000589257846656E-1
178 831 -1.2078602562407494E-1
178 918 -5.189585845731709E-1
179 179 1.793996019649978E-2
179 193 -1.6355320304616097E-3
180 180 2.658131592450157
180 996 3.649869864869036E-1
181 181 3.667549022511655E-1
181 420 5.951542719995636E-1
181 576 2.2663385528303528E-1
182 182 1E-3
183 183 1E-3
184 184 2.900017532458389E-1
185 185 1E-3
186 186 1E-3
187 187 8.045434188444937E-1
187 22 -6.018353288447092E-1
188 188 1.0445458808033019E-1
188 660 -1.704063548398116E-1
189 189 1E-3
190 190 1E-3
191 191 4.324587473600978E-1
191 315 -1.831525627016713E-1
192 192 2.4805693485191878
192 319 9.494077785437153E-1
192 821 1.4751795505785867
192 411 -1.7661679860881043E-2
192 638 -4.943506010627455E-2
193 193 1.2743211731740377E-3
193 637 -4.992379529507627E-3
193 179 -1.6355320304616097E-3
194 194 1E-3
195 195 1.0740888129601533
195 196 8.974194449015241E-1
195 467 8.051846656370444E-2
196 195 8.974194449015241E-1
196 196 7.515079266139596E-1
196 467 6.733723872173546E-2
197 197 1E-3
198 198 1.8128274345767076E-1
198 660 -2.5900620460150575E-1
199 199 1E-3
200 200 1E-3
201 201 1E-3
202 202 1E-3
203 203 1E-3
204 204 1E-3
205 139 8.908859058912825E-1
205 205 7.423897166567079E-1
206 206 1E-3
207 207 1E-3
208 208 1E-3
209 209 1E-3
210 210 1E-3
211 211 3.045004024140083E-1
211 741 -1.0540668820121009
212 99 -2.0260558682349386
212 212 5.861033451612165
213 213 1E-3
214 214 4.150296685774832E-1
214 946 1.0727496917362718
214 1000 -6.2634292951682E-1
215 215 1E-3
216 216 4.705643633915884E-2
217 217 1.1028749621933591
218 82 1.986412382991471E-1
218 218 1.8937664151439388
218 578 1.709361351841258
219 219 1E-3
220 220 7.468862811323127E-3
220 977 -6.394544945897769E-2
221 221 1.1107423521624066E-1
221 594 2.427717452209106E-1
221 319 1.352792405567143E-1
222 222 2.525348512964917E-3
223 223 1E-3
224 224 2.2955111262130994
224 467 4.091603608441608E-1
224 309 -1.6066488780938712E-1
224 778 1.303212452307992
225 225 1.4229256947594005
225 47 6.390786563255251E-1
225 116 -2.1724880789712092E-1
225 142 6.41611162880802E-1
226 226 1E-3
227 227 4.113816812578527E-2
227 503 -2.3074249454260124E-2
228 228 1E-3
229 229 1E-3
230 230 9.569664324927196E-1
230 405 -4.484074564416995E-1
230 724 -4.848000577243254E-1
231 231 1E-3
232 232 1.0680818558874605
232 874 2.2082154765693424E-1
233 233 9.466962901606853E-1
233 979 9.738345461849419E-1
233 1 3.218406321345811E-1
234 234 1E-3
235 235 5.952355752373781E-1
235 776 -7.444701563288774E-1
235 282 -9.838484965707502E-1
235 985 4.448105755772904E-1
236 236 5.23948756210393E-2
237 237 1E-3
238 238 1E-3
239 239 1E-3
240 240 1E-3
241 241 4.98589127281653E-1
241 642 1.5146291724730654E-1
241 930 9.076505930443822E-1
242 242 1.4485952062477625
242 385 -2.7397335304388815E-1
242 797 -2.235191059971345E-1
243 243 1E-3
244 244 1E-3
245 245 1E-3
246 246 5.376417533376204E-1
246 680 -6.719194748711256E-1
246 779 6.26823885037954E-1
246 282 -7.100591600040099E-1
246 482 -5.152168667680224E-1
247 247 1E-3
248 248 2.2239451138060855
248 259 -2.0379576744639127
248 619 -6.367032557747047E-1
248 725 1.5675550164140382
249 249 1.3558757073811337E-1
250 250 1.3578863520802844
251 251 1E-3
252 252 1E-3
253 253 1E-3
254 254 2.566958719041661
254 617 2.310188904078187E-1
255 255 1E-3
256 256 7.191577576234419
256 753 1.21421995708418
256 29 -1.9694317576653245E-1
256 42 -4.7255783679874064E-1
257 257 2.198833848720001
257 363 2.117439553270272
258 258 3.3405355458697654
258 291 3.233385531036311
259 248 -2.0379576744639127
259 259 2.224499662376007
259 619 6.946706950727839E-1
259 725 -1.7102700872672854
260 260 1E-3
261 261 3.6598635866364235
261 732 1.5840302864558203E-1
261 266 -1.0273317418238646
261 565 4.264837722113119E-1
262 262 1E-3
263 263 1E-3
264 264 1.1508507909858892
264 375 -6.474958982604262E-1
264 624 -1.1153987868318367
265 265 2.4303662938248465
265 959 -1.1328417545091032
266 261 -1.0273317418238646
266 266 2.6571919040621927
266 565 -1.1026844560944296
267 267 6.389797492364377E-1
267 305 1.3581726648259765E-1
267 330 -3.278739019267865E-1
267 657 -3.559422274244616E-1
268 98 2.1119617327877878
268 268 1.9302936186824118
268 916 -1.009074481013371
269 269 1E-3
270 270 1E-3
271 271 6.631962827193403E-1
271 45 2.6866120388379044E-1
271 303 -2.551020886610368E-1
271 880 -2.2415266883054213E-1
272 272 3.119983117172496
272 496 -5.4260598788055024E-2
272 694 7.71293713621502E-1
273 273 1E-3
274 274 2.1454437982228565
274 651 -6.042274172362177E-2
275 275 2.150010774833989
275 306 2.0273921316957493
275 344 -1.8481916428718168E-1
276 276 1.0420291856442176E1
276 387 -1.5014853697714492
276 555 3.6561190774447176
276 563 -2.635851821171959
277 277 1E-3
278 278 1E-3
279 279 1E-3
280 280 1E-3
281 281 1E-3
282 235 -9.838484965707502E-1
282 282 4.462746386929051
282 985 -1.350940732667239
282 246 -7.100591600040099E-1
282 482 1.0693020449639126
283 168 4.5623210049250845E-1
283 283 1.05411879224282
284 284 1E-3
285 285 1E-3
286 54 -2.193919961698969
286 286 3.1124415620772092
286 7 -1.4049892455338708E-1
286 512 -4.703839452024543E-1
287 287 2.7584563420873653
287 450 -8.032708742410187E-1
288 288 1E-3
289 289 3.48440278356468
289 668 -5.8479659661968254E-2
290 290 1E-3
291 258 3.233385531036311
291 291 3.1316095858884085
292 292 4.1264863670353495
293 293 1E-3
294 294 5.690857368147845
294 81 5.271103763465722E-2
295 295 1E-3
296 296 9.983591686469674E-1
297 297 1E-3
298 298 8.615078157814123E-1
298 676 9.588675843659455E-1
299 299 1.7771270566511883
299 727 -1.103293204454693
300 300 1E-3
301 301 7.005416798210518E-1
301 781 -2.0437183147861626E-1
301 869 -3.17768075890349E-1
302 302 1.0207397090649193
302 733 -4.322469214596367E-2
303 303 1.8718246741621343
303 45 -1.9585303020072207
303 271 -2.551020886610368E-1
303 880 1.6340647173244265
304 304 1E-3
305 267 1.3581726648259765E-1
305 305 4.0664969789513883E-1
305 330 -6.979992258998195E-2
305 657 -7.577528975234188E-2
306 275 2.0273921316957493
306 306 1.9136562341128116
306 344 -1.7435972115652223E-1
307 307 6.323202385080787E-1
308 308 1E-3
309 224 -1.6066488780938712E-1
309 309 2.081945707378234
309 38 -7.298671069804683E-1
309 410 -1.5114855448830533
309 420 2.7331413819938005E-1
309 583 1.0001981900740506E-1
310 310 1E-3
311 311 2.662057281374167E-3
311 735 5.965600013331837E-3
311 916 -8.268413251220143E-2
312 312 1.3455337639140694E-1
313 313 1E-3
314 314 3.213233287236308
314 463 3.707216843617521
314 861 1.635431642272112E-1
314 873 -7.798380744269487E-1
314 962 1.7500547550077374
315 191 -1.831525627016713E-1
315 315 7.87475516012494E-2
316 316 1E-3
317 143 -5.449283640989168E-2
317 317 3.1303418116542303E-1
317 375 -3.720254552763725E-1
317 834 1.674768953459942E-1
318 318 3.8543769721410945
318 760 7.686443740747141E-1
318 974 -3.5205963811085184
319 319 1.6385830278672164
319 571 -2.7117063597751345E-1
319 221 1.352792405567143E-1
319 192 9.494077785437153E-1
319 821 5.653358471224924E-1
319 475 -4.572881049888621E-1
320 320 1.2801709494634954
320 523 1.9012322665377448
321 321 1E-3
322 126 -6.941459039896065E-2
322 322 2.1178157625910993E-2
323 323 1.7226453579594587
323 532 1.8058046935098873E-1
323 620 -1.137799322517726
324 324 1E-3
325 325 2.0815885423139202E-1
325 709 3.2741987537564243E-1
325 828 8.402743288191187E-1
326 326 1.0017520288868942E-3
326 523 -2.213880709157351E-3
327 327 1E-3
328 328 4.943881777685917
328 536 -4.912517528918416E-1
328 788 -4.7375059988566814E-1
328 592 -2.760525560575327
328 691 2.767658565983841
329 329 1.1084907772760416E-2
330 267 -3.278739019267865E-1
330 305 -6.979992258998195E-2
330 330 1.6950267691624743E-1
330 657 1.8292769810616488E-1
331 331 1E-3
332 332 1E-3
333 333 2.3360947136802707E-1
334 32 2.3763724538095325E-2
334 334 6.4810973176398804E-3
334 815 -4.293109163438713E-2
335 102 -1.2688203693331466
335 335 2.695425946453553
335 502 7.55766225291553E-1
336 336 1E-3
337 337 1.1328561929324754
337 693 -3.194481304426653E-1
337 978 5.73469023062366E-3
338 338 1E-3
339 339 2.0179442597253434
339 347 6.096599225646285E-1
339 470 -9.948378176933272E-1
339 7 1.4517112839873927E-1
340 340 1.5955055503396E-3
340 999 -1.5191477364196806E-2
341 341 7.536763904203667E-1
342 342 1.531481629314832E-1
342 902 -3.6926601104940454E-1
343 343 1E-3
344 344 1.4609414797447333
344 634 -8.218290500549297E-1
344 728 2.956067629657283
344 928 2.756636192588929
344 275 -1.8481916428718168E-1
344 306 -1.7435972115652223E-1
345 345 1E-3
346 346 5.554876956865782E-1
347 339 6.096599225646285E-1
347 347 4.9890064079229723E-1
348 348 1E-3
349 349 4.560323752231791E-1
349 442 -3.100868321129352E-3
349 515 -1.861848176189306E-1
349 28 -8.67756963524514E-3
349 120 -2.4175279047585974E-1
350 135 -1.1160107197687837E-1
350 350 5.29880362690294
350 574 -6.062974635052579E-1
350 397 -1.5619388474651776
351 104 -3.474007223644021E-1
351 351 3.773049702211392E-1
351 632 6.52934832033624E-1
352 352 3.5289753171823444E-2
352 449 -9.697157864633536E-2
353 353 1E-3
354 354 4.243301595339784E-3
355 355 2.3394360509338026
355 668 2.7163055476399856E-1
356 356 2.8107106093172174E-1
356 674 -4.743429535462862E-1
356 732 5.225851905121558E-1
357 357 1E-3
358 358 1.548495241903984
359 359 1E-3
360 360 1E-3
361 361 2.1278808717529993
362 362 1.01687490650631
362 846 -7.314146522713032E-2
363 257 2.117439553270272
363 363 7.683972243940439
363 42 -1.1324820037391382E-1
364 364 5.641730791566724E-1
365 365 7.06470464026365E-2
365 756 9.763563882267881E-2
366 366 5.43230492220663E-1
366 999 -6.136107150471749E-1
367 367 1.1661029748574593E-1
367 447 3.845007219098235E-1
368 368 1.4888467172753517
368 625 -4.75282280479669E-1
368 10 6.895874650337107E-1
369 369 1E-3
370 370 4.432084267326424E-2
371 371 1E-3
372 153 -9.096789925226054E-1
372 372 1.6973946117361494
372 691 -9.171147711864706E-1
373 373 1.4103957457159901
373 506 -4.723696224501197E-1
373 692 -3.3159330066403436E-1
374 374 2.070157689628091E-1
374 496 7.123312834417944E-2
374 646 -3.974203576171942E-1
374 178 1.3000589257846656E-1
374 831 -8.629982448822428E-2
374 918 -3.7078821439750426E-1
375 264 -6.474958982604262E-1
375 375 1.052169221215966
375 624 6.280955277502023E-1
375 143 6.496955621648187E-2
375 317 -3.720254552763725E-1
375 834 -1.9967577912990214E-1
376 40 -4.5494011116545885E-2
376 376 1.3535010722356047E-3
377 377 2.1814677157716408E-1
377 754 1.109572319156807
378 378 2.5213252904017835E-1
379 379 1E-3
380 380 1E-3
381 381 1.8274754372620276E-2
382 382 2.614352337068692
382 409 2.515496261555348E-1
383 383 1E-3
384 384 2.5075745791633064E-1
384 764 2.4233872522651842E-2
384 495 2.976122700862778E-1
384 556 -2.2966516996433803E-1
384 641 -3.5818359655270404E-1
384 849 2.4704855148967103E-1
385 242 -2.7397335304388815E-1
385 385 5.519563990169788E-2
386 386 6.370373216060755E-2
386 419 2.924727391097972E-1
387 387 3.109939282473042
387 722 1.1800363624418662
387 865 6.40804813853746E-1
387 987 5.829917628605293E-1
387 276 -1.5014853697714492
388 388 1E-3
389 389 3.0251825528124204E-1
389 649 -1.3379392812365865E-1
390 390 9.993090179451265E-1
391 391 1.774376318129356E-3
391 603 2.736255540234644E-3
391 661 -1.6009437651278356E-2
392 392 1E-3
393 393 2.1888655545700555
394 394 1E-3
395 395 1E-3
396 396 9.586073688124992E-1
396 782 9.242302865783047E-1
397 397 7.341465100599635E-1
397 350 -1.5619388474651776
398 398 4.9831297445861535
399 399 4.7266368199096444E-2
400 400 1.4987987045095719
401 401 1.7776239040458586E-1
401 904 3.179587178603574E-1
402 402 1E-3
403 403 1.2736221230256084E-1
404 404 1E-3
405 230 -4.484074564416995E-1
405 405 6.306652119786895
405 724 2.274012490167738E-1
405 986 -5.308264914407574
406 406 1E-3
407 407 1.7422437577672684E-1
408 408 2.1411085926395304
408 509 5.624519636863882E-1
408 554 -1.155391745998345
408 602 1.862467760655843
408 983 8.485771298615011E-1
408 596 5.590783826462246E-1
408 988 -5.370943346662633E-1
409 382 2.515496261555348E-1
409 409 3.8243945848409705E-2
410 410 4.314569390889069
410 38 7.338833873729508E-1
410 309 -1.5114855448830533
410 420 -2.7481811913473103E-1
410 583 -1.005702036378359E-1
411 3 -3.027341127874347E-1
411 411 4.2124660889188076E-1
411 498 2.2591162000849446E-1
411 929 -3.640536170777278E-1
411 192 -1.7661679860881043E-2
411 638 3.9726277714019653E-1
412 150 -2.2771737975372447E-1
412 412 1.457571191114586
413 141 -3.4514781743313716E-1
413 413 4.4680508258586155E-1
414 414 2.2558243765523636
414 620 1.8880365610046937E-1
414 894 -9.500165927229219E-2
415 415 2.6090774100958285
416 416 5.111920651805543E-1
416 917 3.4227013737317435E-1
417 417 1.2680579349694419
418 418 1.6272274852149191
419 386 2.924727391097972E-1
419 419 1.3651979540115253
420 181 5.951542719995636E-1
420 420 1.0191255498279892
420 576 3.6877730502380296E-1
420 38 -1.3270434919984572E-1
420 309 2.7331413819938005E-1
420 410 -2.7481811913473103E-1
420 583 1.8185591406326033E-2
421 421 1.0120839294340436E-1
421 981 2.6251378389391934E-2
422 422 1E-3
423 423 1E-3
424 424 1E-3
425 425 1E-3
426 127 3.039833396208304E-2
426 426 2.5935397510499465
427 427 1E-3
428 50 -1.9574679857157007E-1
428 428 1.8876877119266833
428 544 -4.0637114589835377E-1
429 429 1.0363211619484667
429 694 -6.856095851677493E-1
429 441 8.245496881907544E-1
429 638 2.9805901956885855E-1
430 109 4.199786557093582E-2
430 430 1.1679638765466909
431 431 2.1870057081288676
431 613 -1.0122358556423759E-1
432 166 -1.1727282712627165
432 432 5.939353020539978
432 696 -9.786430656729786E-2
432 159 9.890790197499512E-1
433 433 7.019089874377601
433 158 -1.424354169636217E-1
434 434 1E-3
435 435 1E-3
436 436 1.8221385886340122
436 494 3.279392065239849E-1
436 764 7.437741476610386E-2
436 17 -2.8422974821041996E-1
436 101 -2.1699585606223985E-2
436 512 8.324294223673981E-2
437 437 2.63305134335301
437 599 7.256802013891839E-1
438 438 7.24715796702514E-3
439 439 1E-3
440 98 2.4467724888617118E-1
440 440 3.640930031848745E-2
441 441 3.3128555034854954
441 429 8.245496881907544E-1
441 638 3.7334780526942357E-1
442 349 -3.100868321129352E-3
442 442 1.0527723343144286E-3
442 515 3.1685987349758305E-3
443 443 1E-3
444 444 1E-3
445 445 1.5864396273413336E-1
446 446 1E-3
447 367 3.845007219098235E-1
447 447 1.2797857860793354
448 448 3.7271709097636115E-2
449 352 -9.697157864633536E-2
449 449 2.7523606749346424E-1
450 155 -3.0537952046347694E-1
450 450 1.4864455446463778
450 287 -8.032708742410187E-1
451 451 1E-3
452 452 5.1830368803394714E-2
453 453 3.599032816482589E-1
453 660 -2.5316058245644163E-1
454 454 3.0020764391877313
454 554 4.8942658597221583E-1
454 943 1.784455772960948
455 123 -4.653873039942292E-2
455 455 2.661555867465077E-2
456 456 2.0135897857406262E-1
457 457 1E-3
458 458 8.059593670460348E-2
459 459 1E-3
460 460 1.331893922879029E-1
461 461 1E-3
462 462 4.406955282629938E-1
462 711 -9.002359275834483E-2
463 314 3.707216843617521
463 463 4.279474038672901
463 861 1.8874406646948555E-1
463 873 -9.000058794911429E-1
463 962 2.01972642858686
464 464 7.520297600786113E-2
465 465 9.200456296406011E-1
465 836 -1.1443146924131835
465 82 -5.609956354575736E-1
465 913 -9.371391022222363E-3
465 649 1.084280996974173E-1
466 466 5.079596184031506E-1
466 833 1.1485151117749627E-1
467 224 4.091603608441608E-1
467 467 4.569147182545846E-1
467 195 8.051846656370444E-2
467 196 6.733723872173546E-2
468 468 3.6573202980320256
469 469 1E-3
470 339 -9.948378176933272E-1
470 470 8.249335176199097
471 471 1E-3
472 472 2.2341454826369462
473 473 4.582490127327911
474 474 3.0285740549067883
475 475 5.141815159594107
475 970 1.6247858010966376
475 319 -4.572881049888621E-1
476 476 1E-3
477 156 -2.211120491467892
477 477 1.7759605654952053
477 526 -1.3588090595315827E-1
478 478 1E-3
479 479 4.496314324830953
480 480 1E-3
481 481 2.7352673719544435E-1
482 246 -5.152168667680224E-1
482 282 1.0693020449639126
482 482 7.768824620075809E-1
483 483 1.0686751175198246
483 573 -8.872793347235812E-3
484 484 1E-3
485 485 7.259016142136792E-1
485 565 8.978663494355734E-1
486 486 1E-3
487 487 6.90822981492642E-1
488 488 1E-3
489 489 1E-3
490 490 1E-3
491 65 2.4372464255376796E-2
491 491 9.564206966072665E-3
492 492 1E-3
493 493 1.9502269574670503
494 436 3.279392065239849E-1
494 494 4.7242820250739905
494 764 1.4485896889689064E-2
494 165 -1.200375166090276
494 760 2.5720890424964976E-1
495 384 2.976122700862778E-1
495 495 5.988591239934286E-1
495 556 -4.6122072170235656E-1
495 641 -7.193154143905934E-1
495 849 4.961305679536904E-1
496 272 -5.4260598788055024E-2
496 496 6.957853886673902E-2
496 751 1.277130875715623E-1
496 374 7.123312834417944E-2
496 646 -2.5024197073083343E-1
497 497 1.0671012322368283E-1
497 742 3.777365722564996E-1
498 498 3.3574331068407934
498 3 -2.457316628806733E-1
498 411 2.2591162000849446E-1
498 929 -2.955051873029192E-1
499 78 1.7089340754485636
499 499 1.2715018656557286
500 500 1.4033786427379843E-1
501 501 1E-3
502 502 7.783799776059647E-1
502 935 -6.596118011113051E-1
502 102 -3.5589457649266903E-1
502 335 7.55766225291553E-1
502 946 2.8826157587223604E-3
503 227 -2.3074249454260124E-2
503 503 1.4264705708763769E-2
504 504 6.44276692363015E-2
504 592 -1.4579521821921218E-2
505 505 1E-3
506 506 1.2708676695419945
506 373 -4.723696224501197E-1
506 692 2.528168966315553E-1
507 507 1E-3
508 508 1E-3
509 509 1.431824024332541
509 408 5.624519636863882E-1
509 554 -3.4538644970821225E-1
509 602 5.56755862050141E-1
509 983 2.536689769522279E-1
510 510 1E-3
511 511 1E-3
512 17 -1.8064464683592818E-1
512 101 -1.3791357178490499E-2
512 436 8.324294223673981E-2
512 512 4.1461259908170485
512 7 1.2223047721044882
512 286 -4.703839452024543E-1
513 513 1.575762959952544E-2
513 742 -4.770424197339208E-2
513 745 -1.7201431940968964E-1
514 514 1E-3
515 349 -1.861848176189306E-1
515 442 3.1685987349758305E-3
515 515 3.484315415527862E-1
516 516 3.194464662309992
516 643 -2.131406793814479
517 517 1.0044568745336457E-3
518 518 9.034308528770278E-1
519 519 8.096776136098892E-1
520 520 1E-3
521 521 7.834366238264393E-1
521 858 1.5475347729660338E-1
522 522 1E-3
523 523 8.696772431903172
523 320 1.9012322665377448
523 326 -2.213880709157351E-3
524 524 1E-3
525 525 1.027276562386485E-1
525 569 -1.1297118597259788E-1
525 774 -2.439215169696926E-1
526 477 -1.3588090595315827E-1
526 526 4.993027433312379E-2
527 527 1E-3
528 528 1.6109451407177264E-2
528 933 3.334312286564253E-2
529 529 1E-3
530 530 1E-3
531 531 1E-3
532 532 1.921890249008265E-1
532 632 6.224620912944637E-2
532 760 4.7449047357509166E-1
532 323 1.8058046935098873E-1
532 620 -2.0717262231761222E-1
533 533 1E-3
534 534 5.83414226620386E-2
534 668 1.6994515971748259E-1
535 535 1.7156689021322138
536 328 -4.912517528918416E-1
536 536 6.382826990529007E-1
536 788 6.145791016435138E-1
537 537 1E-3
538 538 1E-3
539 539 1E-3
540 540 1E-3
541 541 1E-3
542 542 1E-3
543 169 -1.4919157117263095
543 543 1.1029779762341216
544 50 4.2161641451637505E-2
544 428 -4.0637114589835377E-1
544 544 1.8594550267394443
544 652 -1.157118679936222
545 545 1E-3
546 546 1E-3
547 547 1E-3
548 548 1E-3
549 549 1E-3
550 550 3.803366064742525E-2
551 551 1E-3
552 552 1E-3
553 553 1E-3
554 408 -1.155391745998345
554 509 -3.4538644970821225E-1
554 554 1.1761893564515016
554 602 -1.1436907844233273
554 983 -5.210881303809757E-1
554 735 2.3412462287494426E-1
554 727 -1.176001642139102
554 454 4.8942658597221583E-1
554 943 3.0335798931528685E-1
555 276 3.6561190774447176
555 555 1.4262397843106591
555 563 -1.0275160085069153
556 384 -2.2966516996433803E-1
556 495 -4.6122072170235656E-1
556 556 3.5692059228652884E-1
556 641 5.550903423978182E-1
556 849 -3.8286026036680393E-1
557 557 1E-3
558 558 7.7065235785054535E-3
559 559 8.229575463034007E-1
559 658 6.885941353487133E-1
560 560 1E-3
561 561 6.448157459995138
562 562 1E-3
563 9 -3.6208931032268366E-1
563 563 2.4355357935215793
563 590 -1.4436741756620073
563 969 -6.755342520371372E-1
563 276 -2.635851821171959
563 555 -1.0275160085069153
564 564 3.0088822285319436E-2
565 485 8.978663494355734E-1
565 565 1.570866734405526
565 261 4.264837722113119E-1
565 266 -1.1026844560944296
566 566 1.0019598951467898E-1
566 735 -3.445295469002074E-1
566 883 -3.0141045754316725E-1
567 567 1E-3
568 568 7.412246943917374E-1
569 525 -1.1297118597259788E-1
569 569 1.2645741573083205E-1
569 774 2.7088113572238365E-1
570 570 5.1911467365046156E-2
571 319 -2.7117063597751345E-1
571 571 1.2275232498226281E-1
572 572 8.952981455227893E-2
573 483 -8.872793347235812E-3
573 573 1.4733773123969574E-1
574 135 6.82379178354475E-2
574 350 -6.062974635052579E-1
574 574 3.7172904136079576E-1
575 575 1E-3
576 181 2.2663385528303528E-1
576 420 3.6877730502380296E-1
576 576 3.1353589804496282
576 861 -1.0500808256471428
577 577 1E-3
578 82 1.7939332234222352E-1
578 218 1.709361351841258
578 578 1.5982545417345533
579 579 1E-3
580 580 1E-3
581 581 6.112836785819998E-1
582 582 1E-3
583 38 -4.856340427871124E-2
583 309 1.0001981900740506E-1
583 410 -1.005702036378359E-1
583 420 1.8185591406326033E-2
583 583 2.1293315282844683
584 584 1E-3
585 585 1E-3
586 586 5.057129891122161E-1
587 587 1E-3
588 588 5.56669517234048E-1
588 764 8.39329118884709E-1
589 589 1E-3
590 9 3.0862713089745375E-1
590 563 -1.4436741756620073
590 590 1.231516908627444
590 969 5.757921929354399E-1
591 591 1E-3
592 504 -1.4579521821921218E-2
592 592 1.6739765657522898
592 328 -2.760525560575327
592 691 -1.6739395034676974
593 593 1E-3
594 221 2.427717452209106E-1
594 594 2.88950515408627
595 595 1E-3
596 408 5.590783826462246E-1
596 596 1.2097601653535477
596 988 -1.1612293677118628
597 96 -1.2883105764181118
597 597 3.9797442307424826
598 598 1E-3
599 437 7.256802013891839E-1
599 599 2.0107655094500848E-1
600 600 1E-3
601 123 -5.661849701825302E-1
601 601 1.554013648980071
601 835 4.910097860585291E-1
602 602 2.088596789870241
602 408 1.862467760655843
602 509 5.56755862050141E-1
602 554 -1.1436907844233273
602 983 8.399833620556141E-1
603 391 2.736255540234644E-3
603 603 5.108140058453092E-1
603 661 -5.656928220012265E-2
604 95 3.095527532112889E-2
604 604 7.29513635711986E-3
605 605 5.257660406216268E-1
606 606 1E-3
607 607 1.296737592655022E-1
607 647 -3.5937615019919067E-1
608 608 4.5573615371428444E-1
608 909 7.23140782982921E-1
609 609 1E-3
610 610 1E-3
611 611 1E-3
612 612 4.743480064338769
612 756 1.1177517890415671E-1
613 613 1.1491110508068156E-1
613 707 2.625498422272445E-1
613 431 -1.0122358556423759E-1
614 614 1E-3
615 615 1E-3
616 616 1E-3
617 617 4.7596460063977486E-1
617 254 2.310188904078187E-1
618 160 6.201353891572691E-1
618 618 3.373040440298182E-1
619 619 3.6555227075825375E-1
619 748 -2.620443745718083E-1
619 759 -5.6267144483128834E-2
619 925 1.267653447820045E-1
619 248 -6.367032557747047E-1
619 259 6.946706950727839E-1
619 725 -5.343263731439439E-1
620 323 -1.137799322517726
620 532 -2.0717262231761222E-1
620 620 1.827350022501258
620 414 1.8880365610046937E-1
620 894 -2.6215480572285854E-1
621 621 1E-3
622 622 1.1736964031792785E-1
623 623 1E-3
624 264 -1.1153987868318367
624 375 6.280955277502023E-1
624 624 1.0829790388622695
625 368 -4.75282280479669E-1
625 625 2.7916652722981716E-1
626 626 1E-3
627 627 1E-3
628 628 1E-3
629 629 1E-3
630 630 1E-3
631 631 5.168683984920438E-1
632 532 6.224620912944637E-2
632 632 1.4789622044740056
632 760 1.8656746340077612E-1
632 351 6.52934832033624E-1
633 633 2.3059197259795576
634 344 -8.218290500549297E-1
634 634 7.9686550585675E-1
634 728 -1.6823433114810524
634 928 -1.5688438296407476
634 99 -7.944867323428746E-2
634 944 1.134786022614247
635 635 1E-3
636 636 1E-3
637 193 -4.992379529507627E-3
637 637 2.2730784600729254E-1
638 638 1.8893788080258827
638 192 -4.943506010627455E-2
638 411 3.9726277714019653E-1
638 429 2.9805901956885855E-1
638 441 3.7334780526942357E-1
639 639 3.6342848431922805
640 640 1E-3
641 384 -3.5818359655270404E-1
641 495 -7.193154143905934E-1
641 556 5.550903423978182E-1
641 641 8.667135746033912E-1
641 849 -5.971051903803283E-1
642 642 8.395576298973687E-2
642 241 1.5146291724730654E-1
642 930 2.762829795232524E-1
643 516 -2.131406793814479
643 643 1.8397312695127166
644 644 2.2299275573014326
645 645 1E-3
646 374 -3.974203576171942E-1
646 496 -2.5024197073083343E-1
646 646 1.3971376653031071
647 607 -3.5937615019919067E-1
647 647 5.332366487459281
647 28 2.8339290125050596
648 143 -4.129323584978512E-1
648 648 2.7640449509995992
649 465 1.084280996974173E-1
649 649 4.190693638748679E-1
649 389 -1.3379392812365865E-1
650 650 3.4247759420339735E-1
651 274 -6.042274172362177E-2
651 651 2.7024963398085246E-3
652 544 -1.157118679936222
652 652 7.570579410368182E-1
653 653 1E-3
654 654 1E-3
655 655 4.4595920045000914E-1
655 960 -7.244516922404766E-1
656 656 1E-3
657 267 -3.559422274244616E-1
657 305 -7.577528975234188E-2
657 330 1.8292769810616488E-1
657 657 1.9958760315750013E-1
658 559 6.885941353487133E-1
658 658 7.815437860233333E-1
658 115 1.046751155304214E-1
659 659 3.0748083915341096E-1
660 188 -1.704063548398116E-1
660 660 8.596780107735921E-1
660 453 -2.5316058245644163E-1
660 198 -2.5900620460150575E-1
661 391 -1.6009437651278356E-2
661 603 -5.656928220012265E-2
661 661 3.3197873464068783E-1
662 662 1.3158016353527562
663 663 1.0023826352428777
663 768 7.450543216589531E-1
664 664 1.6938867266751658
664 706 9.018552353294214E-1
665 665 9.692231442328666E-3
666 666 1E-3
667 667 1E-3
668 668 8.295580868659153
668 289 -5.8479659661968254E-2
668 534 1.6994515971748259E-1
668 679 5.243473493552887E-1
668 355 2.7163055476399856E-1
669 669 8.688938802575866E-1
669 983 -9.961224513769521E-1
670 670 1E-3
671 671 1E-3
672 672 1E-3
673 673 1E-3
674 356 -4.743429535462862E-1
674 674 8.043719614961113E-1
674 732 -8.850775296899247E-1
675 36 -6.697584995590684E-1
675 675 3.2232364475871833E-1
676 87 4.2804145453587614E-2
676 676 1.0727433793048686
676 298 9.588675843659455E-1
677 677 4.236559371979471E-1
678 45 4.980698785168514E-2
678 678 4.9441656754846235E-2
679 1 4.3356337398929296E-1
679 679 2.000144051400161
679 878 -2.5922492688503534E-1
679 668 5.243473493552887E-1
680 246 -6.719194748711256E-1
680 680 2.3220066668999015
680 779 -2.165233291421166
681 681 7.462700894603569E-2
682 50 2.1050222952660383E-1
682 682 7.369864235556459E-1
682 950 1.6096504189295522
683 683 1.6926495874766706E-1
684 684 1.2406715004661248
685 685 1E-3
686 686 5.415697789864046E-2
687 687 1E-3
688 688 1.6359431573018366
689 77 -2.534339400948482E-1
689 689 6.274144230954277E-2
689 922 1.0727156889830534E-1
689 895 1.5625624780686365E-1
690 690 1E-3
691 153 4.9179597442052536E-1
691 372 -9.171147711864706E-1
691 691 2.175080794878024
691 328 2.767658565983841
691 592 -1.6739395034676974
692 373 -3.3159330066403436E-1
692 506 2.528168966315553E-1
692 692 1.78472016051472E-1
693 337 -3.194481304426653E-1
693 693 1.0506599527450868
693 978 -1.8843355471020735E-2
694 272 7.71293713621502E-1
694 694 1.8712170685879486
694 429 -6.856095851677493E-1
695 695 1E-3
696 166 1.994433030673149E-1
696 432 -9.786430656729786E-2
696 696 1.764356614610996E-2
697 697 1E-3
698 698 1E-3
699 699 5.748734544798465
700 700 1E-3
701 701 1E-3
702 702 1E-3
703 703 2.028506239637683E-1
704 704 2.965311254298567E-1
705 705 1E-3
706 706 2.291926047233124
706 664 9.018552353294214E-1
707 613 2.625498422272445E-1
707 707 7.17681928634865E-1
708 708 3.2830233715934667
709 325 3.2741987537564243E-1
709 709 5.184954997156765E-1
709 828 1.3280750998748112
710 710 1.091402371750281
711 462 -9.002359275834483E-2
711 711 1.943149800757798E-2
712 712 1E-3
713 713 1E-3
714 714 1E-3
715 715 1E-3
716 716 4.3813667370739184E-1
717 717 1.0744607296738486
718 718 1E-3
719 719 6.381516431302544E-1
720 720 1E-3
721 721 1E-3
722 387 1.1800363624418662
722 722 3.8971160607791058
722 865 2.115739825096399
722 987 1.9248589644157947
723 723 1E-3
724 230 -4.848000577243254E-1
724 405 2.274012490167738E-1
724 724 2.468570593913601E-1
725 248 1.5675550164140382
725 259 -1.7102700872672854
725 619 -5.343263731439439E-1
725 725 1.316504481919102
726 726 1E-3
727 299 -1.103293204454693
727 727 5.484999956346077
727 554 -1.176001642139102
728 344 2.956067629657283
728 634 -1.6823433114810524
728 728 6.503334155101372
728 928 5.643033013348226
729 729 6.91917931078291E-2
730 730 4.0096336640172225E-1
731 731 1.4149265265770902E-1
731 823 7.874533737855503E-2
732 356 5.225851905121558E-1
732 674 -8.850775296899247E-1
732 732 3.0361304883594875
732 261 1.5840302864558203E-1
733 733 1.5351371279013504
733 302 -4.322469214596367E-2
734 734 2.3112228521222336
735 311 5.965600013331837E-3
735 735 2.670485062347116
735 916 -2.967770530804444E-1
735 554 2.3412462287494426E-1
735 566 -3.445295469002074E-1
735 883 1.0468649879536178
735 19 -6.518158625142987E-1
735 972 7.349349636763749E-1
736 736 1E-3
737 737 1E-3
738 738 1E-3
739 739 5.410771893784657
739 809 -1.3014914161701294
740 740 2.1933361199882357
741 211 -1.0540668820121009
741 741 3.769201748053579
742 513 -4.770424197339208E-2
742 742 1.5049799673302533
742 745 5.560386687217074E-1
742 497 3.777365722564996E-1
743 743 3.6040543711692434
744 744 9.197905358643114E-2
745 513 -1.7201431940968964E-1
745 742 5.560386687217074E-1
745 745 2.542801193697416
745 956 -9.040664260533973E-1
746 746 4.132701252150204
747 747 1E-3
748 619 -2.620443745718083E-1
748 748 4.664721899027216E-1
748 759 9.994792296126064E-2
748 925 -2.2517462065679175E-1
749 749 1E-3
750 750 1E-3
751 496 1.277130875715623E-1
751 751 7.470314504462194E-1
752 752 1E-3
753 256 1.21421995708418
753 753 2.1607122685645933E-1
754 754 5.715392755906408
754 988 -1.0047776088766147E-1
754 377 1.109572319156807
755 137 -2.3124776988077578
755 755 4.404637009699862
756 365 9.763563882267881E-2
756 756 2.0427033445446036E-1
756 612 1.1177517890415671E-1
757 757 1E-3
758 758 7.836924440872743E-3
759 619 -5.6267144483128834E-2
759 748 9.994792296126064E-2
759 759 2.6942789345903568E-2
759 925 -4.835033354611272E-2
759 859 -6.511002063632827E-2
760 532 4.7449047357509166E-1
760 632 1.8656746340077612E-1
760 760 1.5912075907608694
760 318 7.686443740747141E-1
760 974 -7.02263656343814E-1
760 165 -6.626312218569069E-2
760 494 2.5720890424964976E-1
760 4 1.6536699206165857E-2
761 761 1E-3
762 762 7.537726912313724E-1
763 763 4.271265354369578
764 436 7.437741476610386E-2
764 494 1.4485896889689064E-2
764 764 1.2778599664562829
764 384 2.4233872522651842E-2
764 588 8.39329118884709E-1
765 765 1E-3
766 766 1.6754452636839998E-1
767 115 -1.7446908537725516
767 767 8.210383125375955
768 663 7.450543216589531E-1
768 768 5.553394929032758E-1
769 769 1E-3
770 770 1E-3
771 771 9.963522425480284E-2
772 772 1E-3
773 773 1E-3
774 774 3.1794287459806565
774 525 -2.439215169696926E-1
774 569 2.7088113572238365E-1
775 775 1.8591753623671181
776 776 3.5032269301642853
776 235 -7.444701563288774E-1
777 777 5.741541063512242E-1
777 829 -5.2503428102233005E-2
777 820 -7.777121404902999E-1
778 778 1.4304574103207472
778 224 1.303212452307992
779 779 2.2304725085721793
779 246 6.26823885037954E-1
779 680 -2.165233291421166
780 780 1E-3
781 781 5.817770165949289E-1
781 301 -2.0437183147861626E-1
781 869 9.283627484749647E-2
782 396 9.242302865783047E-1
782 782 8.930165513010679E-1
783 783 1E-3
784 784 1E-3
785 785 7.794178360567312E-1
786 786 1E-3
787 787 1E-3
788 328 -4.7375059988566814E-1
788 536 6.145791016435138E-1
788 788 1.5345581162831885
789 789 9.177778271497453E-1
790 790 1.1650311996021347E-1
791 791 1E-3
792 792 1E-3
793 793 1E-3
794 794 1E-3
795 795 1.7316866265414708
795 801 7.039714547745874E-1
796 796 2.0626944574698944
797 242 -2.235191059971345E-1
797 797 7.992596295832435E-1
798 798 1E-3
799 799 1E-3
800 800 1E-3
801 795 7.039714547745874E-1
801 801 2.8734635614408494E-1
802 802 2.207853262905244E-1
803 803 1.0104625024582725
803 135 -4.419118802896033E-2
804 804 1E-3
805 805 1.7197238468954357
805 964 1.9133516659794986E-1
806 806 1E-3
807 807 5.816897619024086E-1
808 808 5.955766007015525E-1
809 739 -1.3014914161701294
